9.0000000000000000000000000
60.7100000000000008526512829
57.8770531303558897207039990
55.0442718887040740582961007
52.2215489692020753409451572
49.3996355479383026931827771
46.6019744933965114341845037
43.8099364855328090584407619
41.1282145377558165932896372
38.4559589697061312563164392
35.9205489187963138419945608
33.4246365561044527225931233
31.3780592801693742899260542
29.3661982054642614059503103
27.6775199112813794499743381
25.9979807449972284416617185
24.3900367962094861695732106
22.7866448230668368069018470
21.2139056356487571974867024
19.6448336525859481582756416
18.0972986188123812212324992
16.5505786873676790094123135
15.0080844843230174490145146
13.4691909874489645915218716
11.9469368415746757250417431
10.4060873071882227236528706
8.7879806432100018298569921
6.9123954027623755180798071
4.0693668716604527446634165
2.0503074751751593218784819
2.8467185846060782949962231
3.2397469502974090005409380
2.3727240649259004889870539
2.1733813892529467715064584
3.8872638370803480611925806
5.1147578002923532736190282
5.0593114572307067433598604
5.0078617237603628709052828
4.9661494342770744481185829
4.9341639292976697817039167
4.9185218207414358460027870
4.9076265707284010275657238
4.9024125345429903077842937
4.8859924917878938543935874
4.8599223108608375909511778
4.7983268157881013848964358
4.7149022368215236511446165
4.6387929506230776155462081
4.5657964440273213213572490
4.4927999374315659153467095
4.4198034308358105093361701
4.3784034621200271786278790
4.3419052088221494756226093
4.3449418634965324415020405
4.3344108446298230674642582
3.8130344108446312390015009
3.3488330987017049800158475
3.3384050263308830963637774
3.3411267532196671226074614
3.3984811512591894810952908
3.4558355492987118395831203
3.5131899473382341980709498
3.5780150164242137122982967
3.6562255592053807262686860
3.7275488815892385829897648
3.7901173158141716612590244
3.7301141873924601455314587
3.5580509932738935141571801
3.3828359142812454152249302
3.2055586839772671758908018
3.1321002137754829774962673
3.1060300328484284904106971
3.0639296141814389429214316
3.0170057351407715273694521
3.1829876427342398415021307
3.3863350539652739001894588
3.4097273059075030587905530
3.4206992022524635999047860
3.4676255279211636306513356
3.5125807481509068175284938
3.5391863991911880482632569
3.5993859415739910545539715
3.7803043686479012031043112
3.9594221252594055115991978
4.1350194221252598580917947
4.2324429308785189718378206
4.2377640610865752179847732
4.2461707109408255433891100
4.2568135376756064403025448
4.2376320970574150592824481
4.2057053158090784705791521
4.1650380460809879323846872
4.1224690044165379632090662
4.4558378119512607185015440
4.8720741765551061064343230
6.1810722077369266713731122
7.6179125206193818442557131
9.6239786090565626608395178
11.7562608418027938483874095
14.1773750864683574235414198
16.6889059756292112979281228
19.3228654286170211662465590
22.0439051774596848076726019
24.8374985366892069293953682
26.2343867397435275279349298
26.9314547969988851150446862
27.6239308767471420935635251
28.3151634053367260435152275
29.0521762553364517600584804
29.7992793250660739090562856
30.6243067696686352974211331
31.4628918479365715654694213
32.3958467168123576129801222
33.3411608050416745641086891
34.3656688351290853233876987
35.3973825980890381970311864
36.5110896523683692294071079
37.6292030900589438147108012
38.8221335637324500567046925
40.0176041878430481801842689
41.2932699735718671263384749
42.5724578166294094216937083
43.9243586094734794755822804
45.2846483025005142053487361
46.7432781053059613896039082
48.2137548282171195523915230
49.7791136409839438670132949
50.9501794155018998822015419
49.7659354510800469029163651
48.5852780036592832857422763
47.4214235616995338773449475
46.2639210205326278924076178
45.1305605814189902957878076
44.0033167310429007557104342
42.8953679609676825634778652
41.7929711323439789794065291
40.7053516974995019950256392
39.6254955275462563690780371
38.5632877617401845782296732
37.4937321997874448697984917
36.4097789585547246815622202
35.3402067798402867992990650
34.2877978740282429725994007
33.2473409487545623619553226
32.2160859907980352545564529
31.2026916975145454102857911
30.1979323109465944696694351
29.2138383838383894897106074
28.2354682955206577332774032
27.2759717594796171624693670
26.3187831191496215410552395
25.3827209265429161177962669
24.4495779787402724991807190
23.5399582209529754095456155
22.6326705446853431169529358
21.7336753040719159457694332
20.8433507853403092724420276
19.9707504363001717706538329
19.1027785710508197780654882
18.2407551959384406359276909
17.3816230366492163739167154
16.5248881485007146352472773
15.6716509783183521875571387
14.8202496033844539624624304
13.9561460360881746112227120
13.0881361460360938764324601
12.1883134304803064651423483
11.2834788784260151572880204
10.2621258351307353962056368
9.2104876637382435689005433
7.7690651796517578020484507
6.5761123678257655811307814
6.6760650218317625359532030
6.7801241451867424459010181
6.8958527091004730991130600
7.0040228312904408980443804
7.0987148192961226911279482
7.1909953180072605505301908
7.2804266400126262936964849
7.3639923194276395435053928
7.4429023094323731868371397
7.5149039928454941517088628
7.5832926508495974715629018
7.6357774855339286546040967
7.6831209889531830725672990
7.6900000000000003907985047
7.6900000000000003907985047
7.5152935789152319756567522
7.3321247583189173013806794
6.9478153141694214411927533
6.5496097486516662300459757
5.6592057596418001708116208
4.8208776839320242046937892
4.8361417523150507236096018
4.8448455863647934549476304
4.7888801831595015912057534
4.8437071334079568885044864
5.6628788032970334143101354
6.6731545741324760356860679
8.6778355551032984038783979
10.8169814296617019522273040
13.5084085474433983620201616
16.2947807062175371584089589
19.3984746107662751057887363
22.5234818233677778209766984
25.7076336669605503004731872
28.8987678265830041368644743
32.1036633303946885575896886
35.2830833851898546527081635
38.4255849408836880343187659
41.4885256443499841338962142
44.4652408857542980058497051
47.3561396048332809982639446
50.1772773945963166397632449
52.8917466161904599175613839
55.5417492091479658711250522
54.4794145101903382055752445
51.7879245967951433726739197
49.1242669709070440831055748
46.4690784628947781698116160
43.8530207955193844782115775
41.2445055229995674039855658
38.6831872633926394655645709
36.1265311414198961870170024
33.6666141160607921278824506
31.2140458411118366655045975
28.8597624974072104464539734
26.5177902815952180048952869
24.2619172327957386414709617
22.0223735933205375658872072
19.8494751853964785937023407
17.6863237048177417420902202
15.5497267022766223476537562
13.3460882642742291182003100
11.0124264896541177449762472
7.8800636363636931136511521
3.6073363636364197404304832
2.9455533333333274725873707
3.3030327272727335596869125
2.7939418181818247433056968
2.8195351515151432231220952
3.4680199999999912208181740
2.9995272727272821455812846
2.4998647833517564365024555
3.1784613451291812147303517
3.6012716763005787612428321
2.7970495099271208694347024
2.3083371870915798673706831
3.2282125263898668876549891
3.7636905599678258660389929
2.6980426259173708736227582
2.1219929630560248057236095
3.4539859261120886557705489
4.4989207801347141923997697
4.4938941389363629141939782
4.4900000000000002131628207
4.4900000000000002131628207
4.4887187703671518335113433
4.4832875298718235512751562
4.4778561729400898627773131
4.4724246374450054020144307
4.4699999999999997513100425
4.4699999999999997513100425
4.4699999999999997513100425
4.4699999999999997513100425
4.4747316967195311931959623
4.4798370539351477503942078
4.4744055184400632896313255
4.4710259613295670888533095
4.4764572018248971474463360
4.4762231153595486432550388
4.4653606343688903024258252
4.4682532181847811614261445
4.4845478246700345437147917
4.4972278948511839047341709
4.5080903758418422455633845
4.5189528568325005863925981
4.5298153378231598154002313
4.4979648036499924046438537
4.4625488342785137874102475
4.4100388573829025773420653
4.3575282255947067611145940
4.3050154912566291898201598
4.2682502756918552222487051
4.2629990022580468433943679
4.2577478470909468910576834
4.2524968494013855035973393
4.2472457070839677584217497
4.2419944336501602677458322
4.2302294806490579048841028
4.2144756603476345446779305
4.2099999999999999644728632
4.2099999999999999644728632
4.2057382902751525577400571
4.2004872925855911702797130
4.1857081342225486153552083
4.1699999999999999289457264
4.1699999999999999289457264
4.1679290065112368779409735
4.1469250157529931044564364
4.1289802026991546668455157
4.1237289292653471761695982
4.1155541355689599924971844
4.1002182803394333632240887
4.0848821634885741360676548
4.0695455242574514187481327
4.0542091810653309025269664
4.0388733258358042732538706
4.0213832941417031463515741
4.0009354871690012700469197
3.9852435969531212478500493
3.9750191707990389922144914
3.9491800429403949301843113
3.9082844289949902893965827
3.8984791943564056637683279
3.9138150495859318489522138
3.8742431368539449465515645
3.7975599406983278072402754
3.8616920560269916151696634
4.0048267048359047493022445
3.7946007565688613105692184
3.4214282793170447405373125
3.3683952763151165932242748
3.4348540463166501446323764
3.4184244964727534821236077
3.3775288825273492854250890
3.4575876699723959717402977
3.5649386565790832648303876
3.4789208669870155254955080
3.3613459768939799587883499
3.4239021522417036891283715
3.5056975614743604019452050
3.1855147735405369147088095
2.8430140067477669418849473
2.4599775074123249041235795
2.1112923674658756745259325
2.7196457236337590046559853
3.2294125312760657564581379
2.5882532318598743259485673
2.1880447247706640290232372
3.0481364678899134368350587
3.4526501251042578388705806
2.4309653878231718415747764
3.0645647414512904305183838
7.1565163678065051300336563
18.6661509591325156520724704
41.0598123436199955449410481
51.5652356130108202592055022
49.5427168473728301023584208
46.5363469557965174772107275
42.7832193494578234549408080
39.4943520642201590931108512
36.4553612385321486044631456
33.7291279190992554504191503
31.1175766263552588952734368
29.3708772935779762747188215
27.8227121559633303604641696
26.8063370517097609990742058
25.8524171184320117333754752
24.8832266472060084083750553
23.9085201209341349226633611
22.8503466430358663785682438
21.7776089449541174758451234
20.6151819224353758386314439
19.4273764595496558627019112
18.1502705379482947023461747
16.8194813386155104240060609
15.3651443911593261759662710
13.7985680775646741835771536
12.0523212051709815995081954
9.8298670767306184359313193
7.0619354670559433273524519
5.8356948498748950626691112
5.8826089449541285603118013
5.8934393244370308906354694
5.8830139699749794957028826
5.8569013321780580838549213
5.8244091844470915475540096
5.7825560489548362141931648
5.7394248889851633421699262
5.7069327412541976940474342
5.6716604386677493820911877
5.6229195775792035760787257
5.5829686992310199045164154
5.5613072674103758430419475
5.5215260478717631542622257
5.4619571103649953158765129
5.4092266868840033211540685
5.3604884652875544048811207
5.3032502978446860453232148
5.2436813603379190951159217
5.2857286758732735520993629
5.2952388172858286807809236
4.9161637604245616017806242
4.8463505902740307007547926
5.7290539369652302426061397
6.2751061410159207909487122
6.3130136467020481205736360
6.3470576417864315033057210
6.3779647658785343367071619
6.4057257649119190290321058
6.4314803749871227722678668
6.4606819820747904969948650
6.4915875141650349888777782
6.5187442052127337888123293
6.5444988152879366438696707
6.5743053623860312484339374
6.6052124864781340818353783
6.6361182651694665679542595
6.6670237972597101716587531
6.6932744411249629479243595
6.7190290512001658029817008
6.7497419255138311200425960
6.7804361597175351050736936
6.8012056700763281469335197
6.8224689755439031912942482
6.8484308634923927172621916
6.8735142011527079475285973
6.8942837115115018775668432
6.9163165273378686137561999
6.9422784152863599160809827
6.9665922425878807899835010
6.9873617529466738318433272
7.0081312633054677618815731
7.0289007736642608037413993
7.0545054260345807506382698
7.0856596915727712016064288
7.0971976738148399022065860
7.0920052962251416417416294
7.0645033490835462686163737
7.0229643283659584085398819
6.9814253076483723248202296
6.9398862869307871292789969
7.0684807103172513365052509
7.2502139259566966700276680
8.0918318708136354189264239
9.0628064800872039086243603
9.1736305104107174201999442
9.1995923983592078343463072
9.2766628589230997192771611
9.3581873409834308574772876
9.4983815359052883309232129
9.6612794018381009664153680
9.9728220572200072524537973
10.3380019731035019958653720
10.9091635079703053179400740
11.5546575626979617368306208
12.3906303546394056525059568
13.3021356249026680984570703
14.3509958980217078305940959
15.4599854613427503124967188
16.6490399293836865979301365
17.8712519130701181779841136
19.1262258953168000630284951
20.4144291398836834616759006
21.7306213651668365116620407
23.0735629017447294586418138
24.4356688093051559462764999
25.8168258340985445897786121
27.2095408631772350815936079
28.6157687991021276729952660
30.0288899091929053497551649
31.4670798898071382154739695
32.9159116416692114626130206
34.3723120089786959852062864
35.8313468013468465755977377
37.3063899801030913749855245
38.7859063313096470437812968
38.6392919089888735584281676
38.1393429241914176941463666
37.6393939393939476190098503
37.1394449545964704384459765
36.6532869094990445546500268
36.1686424854606798362510744
35.7223982246709610421930847
35.2785659626568772750943026
34.8647520661156988808215829
34.4518426691153862861938251
34.0539240893786328001624497
33.6563131313131336241895042
33.2634960718294010462159349
32.8706790123456684682423656
32.4778619528619501011235116
32.0854468958440293135936372
31.6955033350436252703730133
31.3036008209338234564711456
30.9033955874807588770636357
30.5056774921758702134866326
30.1157539377148424364349921
29.7243222165212976904058451
29.3292478193945669318054570
28.9394653668548045288844150
28.5597834787070219420002104
28.1801092812067004444998020
27.8004468729156997142126784
27.4207757824525444334540225
27.0410938943047796101382119
26.6639604925602924367922242
26.2894094407388507761424989
25.9148689138576848733919178
25.5403370786516887847028556
25.1657937403796836406399962
24.7912426885582348745629133
24.2900379681888232141773187
23.7205151359671759792036028
23.1330189840944093759844691
22.5378419702411356695392897
21.9272633523164408586580976
21.3115945821148216055007651
20.6794304771677843746147119
20.0432067727039608939776372
19.3807080554130450877892144
18.7136993329912968420103425
18.0235185470217089687139378
17.3308911805448602194701380
16.6039158542842493204716448
15.8748773730118077907036422
15.0744669061057052772412135
14.2664019290954993124387329
13.3326376276230043060877506
12.3627496151872549035033444
11.0954330425859293285384410
10.0365387378142632002209211
10.0775854284248325143380498
10.1272633523164525826132376
10.2093525216766725094430512
10.3048445356593152411051051
10.4382462801436659560749831
10.6020831195484888098690135
10.8329707542329405356440475
11.0209953311784936147432745
11.1338679390487946818666387
11.1893766033863517606050664
11.1637224217547466054156757
11.1237501282709061456444033
11.0673109286813726725995366
11.0108732235390682774323068
10.9544369196039212965843035
10.8979989738327347481572360
10.8415597742432012751123693
10.7629245767060002236803484
10.6705695228322205991844385
10.5541867624422778249027033
10.4259158542842484962420713
10.2754856087424979449451712
10.1164378431070787200951600
9.9811159569009770820002814
9.8528450487429424242691312
9.7583104155977409277511470
9.6710861980502809132076436
9.6196937047868260606264812
9.5735185470217043501861554
9.5605202668034898749738204
9.5502585941508471023553284
9.5500000000000007105427358
9.5502616765556069822196150
9.5604041787108879901779801
9.5702733404330864175335591
9.5753445915107260333343220
9.5808316851767330035727355
9.5909741873320157878879400
9.6011166894872950194894656
9.6112591916425778038046701
9.6214016937978588117630352
9.6315441959531415960782397
9.6416866981084243803934442
9.6518292002637053883518092
9.6609858512094923810309410
9.6660571022871337731885433
9.6722567067295504017465646
9.6823992088848314097049297
9.6912708555200559601416899
9.6963421065976973522992921
9.7028267153506764230996851
9.7129692175059592074148895
9.7215811172954040841887036
9.7267346938775514075814499
9.7318883677781791163852176
9.7370422099675302263221965
9.7421960521568831126160148
9.7473498943462359989098331
9.7500000000000000000000000
9.7500000000000000000000000
9.7443781889398550788428111
9.7340705045611510826120139
9.7175256403648919700799524
9.6969102716074822012615186
9.6591635314126662592570938
9.6127789517084991643969261
9.5327922077922089272306039
9.4400278293135411189496153
9.2543137659124852234526770
9.0430062361490541888997541
8.5142354275112221984045391
7.9266974179250722087886061
7.8700000000000001065814104
7.8700000000000001065814104
7.8749636654125652057700790
7.8795299695923315397294573
7.8589146008349226590894432
7.8404251700680278602817452
7.8455787466501751836744916
7.8426763902489309288057484
7.7911379683554091712949230
7.7291990929237748275681952
7.6261222491367313125465444
7.5297840540122642494225147
7.4524764211719816131562766
7.3801360544217669001909599
7.3182931354359919140506463
7.2485419248244511436496396
7.1659314332920267531790159
7.0879074810263817951749843
7.0156270328876040309751261
6.9485827869275658130732154
6.8866281170943279832385997
6.8070101708916324056986014
6.7140781661417721082329990
6.6538427383964053873910416
6.6125396251742474262869109
6.5568525402726152151444694
6.4948946716232978104699214
6.3898001961897907818865860
6.2710537456760837571323464
6.0673571170426994214608385
5.8453528834735895003404949
5.4495637358665875993324335
5.0313697144922313597703578
4.7503495275956471033396156
4.4783271375464730468252128
4.3389219330855066658614305
4.2049527595642546273779772
4.1378352005782437217362713
4.0750018070112030699192474
4.0388615829418146319085281
4.0193582528783098339886237
4.0658242552532382063645855
4.1054623367236295905513543
4.1261138933347094592818394
4.1366171003717466803095704
4.1262907889301940755899523
4.1404436074492583230721721
4.1927558066541115167069620
4.3403327229924091312796008
4.5914444153805842319115982
5.0296609992152667700793245
5.6103567878629441167959158
6.3798624117185633863869043
7.2482903478943354613761585
8.2647622286162771843009978
9.3319869212660204738085667
10.5865871521238936736608593
11.8786984724838280413905522
13.2769416688464936271429906
14.6851116923882063503015161
16.1813188595344144005139242
17.6847475804342302296845446
19.2541956578603823402318085
20.8383259220508385567427467
22.4862464033481721514817764
24.1514438166980056621468975
25.8620527306967176173202461
27.5936411195395443485267606
29.3618859534396747790196969
29.5890504839131338599145238
27.9515929897985166974194726
26.3254564478157959683812805
24.7089249280669811525967816
23.1121527596128828463406535
21.5270102014124660172456061
19.9569512450303143680230278
18.3928164888051952630121377
16.8454904525241673240998352
15.3021998430551171566094126
13.7729542244310572129961656
12.2453580957363854508912482
10.7537745226262160258556833
9.2849913680355502521024391
8.1026738163746045984225930
7.1083218246495096792614277
7.0978593848085376194489982
7.0861366459627328495685106
7.0706086956521740916059571
7.0698385093167672721392591
7.1008944099378865644212055
7.1578426501035155027352630
7.2561863354037248186045872
7.3568761323049827183240268
7.4604011594803010254395303
7.5558348861283608499661568
7.6438266045548646232532519
7.6739037267080743021097078
7.6635517598343687595274787
7.6429994824016560528434638
7.6171195652173908641202615
7.5912396480331256753970592
7.5653597308488622630306963
7.5394798136645970743074940
7.5135998964803327737627114
7.4921759834368533148563074
7.4714720496894413415134295
6.7343804347826026202028515
5.9424549689440810951168714
5.8161614906832248550472286
5.6959689440993752640451930
5.6338571428571437849086578
5.5653210960921537520107449
5.4548703518645140775333857
5.3480727961287586325056509
5.2533957500526016204389634
5.1535051546391823507065055
5.0430486008836563627255600
4.9258223320885754503706266
4.7995929101141392436602473
4.7511066694719117364797967
4.7721460130443924541054912
4.7272585735325058919897856
4.6431011992425812451301681
4.8527766673679764153348515
5.1736266568482873751122497
7.1592773365591328982304731
9.4997812023353027655048209
13.0055575426046026166204683
16.6225341889330096023513761
20.8672217546810649935196125
25.1657981381159032707728329
29.8573249881657574178461800
34.6734820113609103486851382
39.9333179044811714675233816
45.3236597938143432884317008
50.9937628865979846182199253
56.7194421963839303657550772
62.5228535573429269334155833
68.4642908364495497153257020
74.5647876863186240825598361
80.8437222762893270555650815
87.2925262510884039102165843
93.9220401577627228562050732
100.6935404394818505124931107
107.6300158787072120958328014
114.6729908313268282427088707
115.3106838088409915599186206
112.5805706090253295315051218
109.8360518362956668170227204
107.0854499820723901848396054
104.2336521506813369342125952
101.3482660967140418506460264
98.4487849318729502101632534
95.5472439219877429650296108
92.6297980229761606096872129
89.7101672455248575488440110
86.7766914239914797235542210
83.8403857868021304966532625
80.8962233502538197171816137
77.9457563451776707097451435
74.9855639861075360386166722
72.1016631302415760274016066
69.2876790946750844568668981
66.4655519070471711984282592
63.6365546855267609771544812
60.8018701692348173537538969
57.9627693862087625120693701
55.1117954935840401731184102
52.2523431342832722634739184
49.3838241980299414990440710
46.5093609497348765557944716
43.6254331901996010856237262
40.7358145996463889559890958
37.8266456175801693007088033
34.9067163425106627983041108
31.9631539860563194110909535
29.0077129433161253757589293
25.9969179085627217773435405
22.9607976761807606180809671
19.7711851477644415808754275
16.5178383430157182942821237
15.5748999696877810094974848
15.4991194301303387703683256
15.4195645364991111847530192
15.3387360444556666294602110
15.2695498863349321538862569
15.2038767365496347849784797
15.1342164292209790943388725
15.0634879256340372677414052
14.9927623137155894283978341
14.9220373831775727779813678
14.8555044203081596521087704
14.7898312705228587304873145
14.7284510457714468145695719
14.6678266141254951548944518
14.5852068704218247319204238
14.4993265976256644478326052
14.3549052791108842086487130
14.2033518565294230029394384
13.9504385167222366703754233
13.6877326462564408160460516
13.1847890881535683149650140
12.6644556706238819998588951
11.0223793887344569952801976
9.3249810558220787015670794
9.1767239201818640026431240
9.0706365243748479088026215
9.2306951601495406123376597
9.3923601919676809046677590
9.5540171760545611334691785
9.7069856024248597492487534
9.6211053296286976888040954
9.5385955340002013258526858
9.5133353541477223558331389
9.6208815357412706958939452
11.3384869916645101284302655
13.1943399848446070166119171
16.3415993937863071039373608
19.5356532282510215736692771
23.0821824795392487317258201
26.6419136145490931255608302
30.2842475372569026603741804
33.9281808537510158885197598
37.5806183379642533282094519
41.2303789026979430332175980
44.8678448014551065625710180
48.5022520838596520320606942
52.1243788835566022044076817
54.4700969941903707649544231
52.2877277090174743534589652
50.0470649153828190947024268
47.6222101540794255924993195
45.1151856976809426669206005
42.3753838490065390942618251
39.6859276068186872521437181
37.0569703342925720335188089
34.2990203675004821093352803
31.4708158069515633314949810
28.4379045826875973546066234
25.3555125083018175757842982
21.9683086119105510647386836
19.1602784081474730726313283
18.3245004704710368059750181
17.4468701571839659436591319
16.5115148328536207600336638
15.5354134381226138827969407
14.5336423511180079515270336
13.3443496789904614274746564
12.1101234226255716208697777
9.7088025484642521689693240
7.7026708412741635711995514
7.7190062619112440600588343
7.5893280331082673129117211
7.1591385319102700535154327
6.7770454669207751408066542
6.4448919139667761868395246
6.2872576780657780659566924
6.2219124373774743474996285
6.2099999999999999644728632
6.2099999999999999644728632
6.1886277499455459860655537
6.1715769126054995652452817
6.1824671930302201872109435
6.1782482030058805122507692
6.1401301459377037872400251
6.1225695616662134668217732
6.1280147018785733337153943
6.0780995425833204137688881
5.9964179917229412097867680
7.7960041895783191989721672
10.0688504844199346877076096
13.6832835820894924694357542
17.4643781094527348329847882
22.1538779785284809520362614
26.9062215239593136573148513
32.2426970411104818481362599
37.5943493061013356282273890
43.0250903377846967146069801
48.4584655669020420987180842
53.8996805446449798182584345
56.3910447761194788540706213
53.2069651741293796476384159
50.0342105263157677086383046
46.8763157894736082198505756
43.7458104215762091371288989
40.6402854150299503999121953
37.5251217596228627826349111
34.4038858339880775361052656
31.2826499083531217593190377
28.1614139827180913755455549
25.3106284367636007459623215
22.5297957580518506404132495
20.0795451751690805508587800
17.6722515877895105518291530
15.2888414259373277559461712
12.9071573448062970612681966
10.0082169748502103345799696
7.1739981561155632405757387
6.9588783036263084369466014
6.7456912359780707433287716
6.5561711827075654923646653
6.3862138905961876034211855
6.3554824830977247884788994
6.3562446220036896704641549
6.5099016594960019688187458
7.3683291502329559818917915
10.7489571274906197118070850
14.9813752304855487551549231
21.5630183364062872897193301
28.8228463863132233768737933
37.5663796547660027158599405
46.8909823806595369433125597
57.2423448063916922023963707
67.6916114309418048833322246
78.2823484259110813354709535
88.8381671075148631189222215
99.3562937606968858972322778
109.7998765624189161371759837
120.1831554379960209644195857
130.4886748612625808618759038
140.7474788652044139780628029
140.4205352419478458614321426
135.4830320004146528845012654
130.3821114050100504755391739
125.2319635911003246064865380
119.9072344398340987936535385
114.5493506224063793297318625
109.0024355583217072762636235
103.4373715056276807899848791
97.6681064260155835654586554
91.8842165862769206796656363
85.9094227477829974759515608
79.9067247549402281947550364
73.7140998910845439695549430
67.4789461127534764273150358
61.0736766765208329843517276
54.6077687879257496206264477
47.9794818733465575633090339
41.2495581142053495682375797
34.3256433794923339064553147
27.5914573932884508167262538
21.1239505212386546872949111
14.1683631554383424600018770
6.6998708573209349026456039
30.4143410611472049254189187
78.6794725377309589475771645
97.2723079715782432685955428
98.5429889528551541388878832
99.8064206431535296815127367
101.0667940871369125943601830
102.3110326227892699080257444
103.5505948861573699559812667
104.7813692235880154157712241
106.0105585809865118562811404
107.2206804626316625217441469
108.4291240080909375365081360
109.6324277786421816927031614
110.8361997011419788350394811
112.0476416906820276153666782
113.2570532045467075477063190
114.4577576178024855835246854
115.6534357989113317444207496
116.8381940441882846926091588
118.0158853666346203681314364
119.1846333653537755026263767
120.3442590319653504593588877
121.4969352686909047633889713
122.6385478706371827684051823
123.7752753762408559623509063
124.9032516810759432246413780
126.0293056889742899784323527
127.1351075297507975392363733
128.2389892197673191276408033
129.3330227345500986757542705
130.4228210054434669018519344
131.4955075248159346301690675
132.5647110304712725792342098
133.6266673781952931676642038
132.7307572846619905249099247
129.4486567403136803022789536
125.9643511693270170326286461
122.3317478920296110800336464
118.4500381800829416079068324
114.4570378619156230115549988
110.1691615845575995535909897
105.8100376518003429282543948
101.1387707482633402378269238
96.4339396510582247401544009
91.5498117409981091441295575
86.6138195991090640291076852
81.3799665924275785755526158
76.0555570875537370056918007
70.4767269449013582516272436
64.7879959696667526714009000
58.9174969507345593910940806
53.0315256124721514652264887
47.1295211581292221580952173
41.2401670467199750191866769
35.3590618868321655554609606
29.6878416503153275129989197
24.0984053667073219173744292
19.5572292926079711605780176
15.2248504613427648735068942
12.4911072811157275452842441
10.0090072652065522618158866
9.9930980537731350921148987
9.9781258948931448315988746
9.9675197539375304245368170
9.9584816070962709488867404
9.9532637620662676170013583
9.9519540829637360701553916
9.9571719279937394020407737
9.9671693190712247201190621
9.9828228541612311630615295
10.0097782415862237570536308
10.0463031567962435275376265
10.0926115314375177689498742
10.1447899817375457587331766
10.2154526480563561108283466
10.2937203235063918782543624
10.3595903991651461240053322
10.4222045395251772248457200
10.4574093399426040207345068
10.4887164101226186829762810
10.4749882598486827589567838
10.4584476911035739732369620
10.4219227758935559791098058
10.3860759887885372165783338
10.3549330426658343640156090
10.3268948871009609291604647
10.3113226057617453079728875
10.2971670300010380572075519
10.2867860479601365142343639
10.2853926810277691572537151
10.3009649623669865547981317
10.3317896813038494485681440
10.3836945915083589397909236
10.4637617440955157377402429
10.5727677134700233096964439
10.7288336966676993711189425
10.9208818644243663698034652
11.1893563457046347764389793
11.5008019724889685164725961
11.9122422921208332979858824
12.3638150109000211074317122
12.9338749026732386937510455
13.5360031144562817928544973
13.7048619329388579046735686
13.8034812623274163456699171
13.8733855741346339129904663
13.9315957052943382166176889
13.9686190299888934873706603
14.0141876966742735532989172
14.0625531375234622544212471
14.0980626997412876733051235
14.1340825850961291365592842
14.1746649419165002825593547
14.2145913863947637167939320
14.2501009486125909120346478
14.2848090092832133990441434
14.3152457768984930908118258
14.3475767260183619811186873
14.3881590828387331271187577
14.4276487597017180064540298
14.4631583219195452016947456
14.4949533279220794668162853
14.5152455357142855518759461
14.5258469030588948101012647
14.5106285192512558523958432
14.4785806320702050697946106
14.4075615076345560083836972
14.3164358545122532007098926
14.1845431948460465321204538
14.0089433368843003790971125
13.7553036067569589562253896
13.4269284228681442527886247
12.9805224978440598704310105
12.3862547557449538260243571
11.5847532085426170311848182
9.2682001724751419402537067
5.0628534469638477588659953
