2.0000000000000000000000000
0.0000004663652637109128818
0.0000003937052238438032426
0.0000003221957640937751230
0.0000002518421108317304383
0.0000001826501145822772099
0.0000001146262431123405950
0.0000000477774456914083427
-0.0000000178889805287674600
-0.0000000823655154348778576
-0.0000001456445303988229690
-0.0000002077183890130564198
-0.0000002685795369269615681
-0.0000003282205853837963605
-0.0000003866344024686160502
-0.0000004438141985852261638
-0.0000004997536049753263663
-0.0000005544467364448231211
-0.0000006078882353640201671
-0.0000006600733084781114425
-0.0000007109977610527432378
-0.0000007606580315737649655
-0.0000008090512285611902603
-0.0000008561751705749985587
-0.0000009020284294159659195
-0.0000009466103747025829238
-0.0000009899212155608266815
-0.0000010319620249993778785
-0.0000010727347096808356930
-0.0000011122418326283743968
-0.0000011504863402751932078
-0.0000011874717099372957795
-0.0000012232020229716633872
-0.0000012576819675527092852
-0.0000012909168339527695204
-0.0000013229125051390682117
-0.0000013536754414550875239
-0.0000013832126578612980534
-0.0000014115316918470067229
-0.0000014386405596728147206
-0.0000014645476958793978891
-0.0000014892618577245709312
-0.0000015127919660388580802
-0.0000015351468838011140746
-0.0000015563351425395341844
-0.0000015763645941990624343
-0.0000015952419315957838635
-0.0000016129720814372808666
-0.0000016295574516371093373
-0.0000016449971012029333102
-0.0000016592858527939056298
-0.0000016724133161345925723
-0.0000016843627397333956016
-0.0000016951095073334679259
-0.0000017046189594651744101
-0.0000017128431015677984805
-0.0000017197155706193275885
-0.0000017251442429471073326
-0.0000017290011616446208326
-0.0000017311115785945213096
-0.0000017312507541901814786
-0.0000017291724606439732574
-0.0000017238310235456519575
-0.0000017165050972144276197
-0.0000017071500604441578621
-0.0000016957190514650554906
-0.0000016821638970584674792
-0.0000016664380174564927285
-0.0000016485017374578086280
-0.0000016283302795974027850
-0.0000016059241259064488190
-0.0000015813209880806077963
-0.0000015546085276949128436
-0.0000015259348722282494893
-0.0000014955132771584194122
-0.0000014636162750832579520
-0.0000014305567900723328771
-0.0000013966580680104174930
-0.0000013622186511639019951
-0.0000013274810364286224134
-0.0000012926118560197506260
-0.0000012576972602650347621
-0.0000012227523828936108908
-0.0000011877406634862706992
-0.0000011525980917340391173
-0.0000011172595714695426218
-0.0000010816856992948814532
-0.0000010458831845194594735
-0.0000010098972707487617799
-0.0000009782838848923043203
-0.0000009458275782449007255
-0.0000009123724687738941032
-0.0000008777463205226165489
-0.0000008394656242535708472
-0.0000008011129243254085886
-0.0000007627623656291810347
-0.0000007245026995109502378
-0.0000006864394438864949836
-0.0000006486949034322847123
-0.0000006114046717849321830
-0.0000005747106288351397486
-0.0000005387509807524466688
-0.0000005036510810607104948
-0.0000004695168192612838695
-0.0000004364312523452288048
-0.0000004044550430966686159
-0.0000003736303082041787711
-0.0000003439859636858866417
-0.0000003155423759029187166
-0.0000002883146443221509062
-0.0000002623146744443785629
-0.0000002375529556005498588
-0.0000002140403059123358233
-0.0000001917896778252304434
-0.0000001708178629962944632
-0.0000001511465541816731024
-0.0000001328014820715030015
-0.0000001158113041280153267
-0.0000001002086562826126524
-0.0000000860308373977102804
-0.0000000733185612093598153
-0.0000000621117542594192603
-0.0000000524430077240410046
-0.0000000443359121216093664
-0.0000000378065169543087173
-0.0000000328648257221760794
-0.0000000295147895616325101
-0.0000000277524055143223225
-0.0000000275640202967933444
-0.0000000289260413363611941
-0.0000000318061959141190152
-0.0000000361664307806010854
-0.0000000419668827769778532
-0.0000000491694275741001866
-0.0000000577398306617940861
-0.0000000676487545875844064
-0.0000000788733569604166207
-0.0000000914006254861786230
-0.0000001052320163731778390
-0.0000001203856778564966046
-0.0000001368946900076128903
-0.0000001548017234055463650
-0.0000001741553148509452213
-0.0000001950158647516297342
-0.0000002174610569382417285
-0.0000002415834971943066612
-0.0000002674662273133226460
-0.0000002951567825706717496
-0.0000003246545597011647742
-0.0000003559075505674046820
-0.0000003888192628192679814
-0.0000004232584955683516824
-0.0000004590750504264802377
-0.0000004961161947712194578
-0.0000005342380397641294172
-0.0000005733109284485255660
-0.0000006132199195854917835
-0.0000006538625501038471844
-0.0000006951464660697091368
-0.0000007369870400108459325
-0.0000007793054019052296177
-0.0000008220265578181120799
-0.0000008650792903686393596
-0.0000009083966538615574347
-0.0000009519173470102695082
-0.0000009955845750734827529
-0.0000010393408421577517056
-0.0000010831185222094489195
-0.0000011268263493150616637
-0.0000011703314081666794052
-0.0000012134376836936798600
-0.0000012558647745561847332
-0.0000012972346747748700191
-0.0000013370756971324745904
-0.0000013748508008875600819
-0.0000014100111850511833109
-0.0000014420665467063349637
-0.0000014706556966365157918
-0.0000014955988230500494735
-0.0000015169172211958354314
-0.0000015348149044099421008
-0.0000015370848325158692189
-0.0000015375939634603841340
-0.0000015371842028053421449
-0.0000015361764312055725198
-0.0000015346355466723924080
-0.0000015325241439425358672
-0.0000015297723953322144468
-0.0000015263056701118372836
-0.0000015291971172169379814
-0.0000015302008260139514889
-0.0000015291177572388108148
-0.0000015256162848919280678
-0.0000015192336307777198357
-0.0000015093959000317112788
-0.0000014954583241969501227
-0.0000014767749604465257010
-0.0000014528013902829043975
-0.0000014232212617261972684
-0.0000013880707158178468000
-0.0000013478195050357820193
-0.0000013033701577080570132
-0.0000012559602393012555245
-0.0000012069897564505223708
-0.0000011578260055012952203
-0.0000011096428902805822878
-0.0000010633306959127175064
-0.0000010194806100764005819
-0.0000009784244730421589165
-0.0000009403020689628913909
-0.0000009051324056711264866
-0.0000008728748691432305588
-0.0000008434747925149782316
-0.0000008168935199652640937
-0.0000007931257246792726812
-0.0000007722072846123924846
-0.0000007542167755083825981
-0.0000007392727648957255322
-0.0000007275285230984176509
-0.0000007191647918558382824
-0.0000007143806763473710561
-0.0000007133824691478718975
-0.0000007163700766404340009
-0.0000007235218613671949606
-0.0000007349790854793101075
-0.0000007508316546273329545
-0.0000007711072031764429908
-0.0000007957653544672409159
-0.0000008246986129225177316
-0.0000008577403504399359977
-0.0000008946788733031310720
-0.0000009352735889056503556
-0.0000009792655918031772878
-0.0000010263765961353548557
-0.0000010763031958809390595
-0.0000011287146466390275616
-0.0000011832610396409392227
-0.0000012395831777773060652
-0.0000012973208624837332397
-0.0000013561187025823915843
-0.0000014156287736231726483
-0.0000014755097047925657049
-0.0000015354220479089381198
-0.0000015950196674956725183
-0.0000016539377924658088650
-0.0000017117818265941499895
-0.0000017681199855960056590
-0.0000018224833581481233016
-0.0000018743780168274748332
-0.0000019233145636508722567
-0.0000019688566168441886859
-0.0000020106756815035592397
-0.0000020485949251237272416
-0.0000020826055513068157615
-0.0000021128524533362309208
-0.0000021396007619460832092
-0.0000021631932401965759489
-0.0000021840091620862226181
-0.0000022024279336911868012
-0.0000022187873633154471871
-0.0000022333511696432909005
-0.0000022463024502842614885
-0.0000022577580153319095043
-0.0000022677868116020869330
-0.0000022764238503272908191
-0.0000022836808329549231063
-0.0000022895528653831969387
-0.0000022940232800150061785
-0.0000022970655714380140140
-0.0000022986435238246936341
-0.0000022987112055212471336
-0.0000022972140589629915107
-0.0000022940899560349657017
-0.0000022892669357883287565
-0.0000022826664448361392659
-0.0000022742143256330046086
-0.0000022638567696210604681
-0.0000022515825304433291184
-0.0000022374490038560220289
-0.0000022216059645645958162
-0.0000022043123615130504616
-0.0000021859371814198380109
-0.0000021669353818433274694
-0.0000021478016144570400595
-0.0000021323317187356413070
-0.0000021172070561536259475
-0.0000021025820478180239603
-0.0000020885449730088129278
-0.0000020751307423394630307
-0.0000020623398729279605285
-0.0000020501537853366518057
-0.0000020385449409142662023
-0.0000020274828749537319840
-0.0000020169374998350498535
-0.0000020068807521312797933
-0.0000019972872918916843748
-0.0000019881346837620274699
-0.0000019739127858870543698
-0.0000019610944729302209159
-0.0000019496816424782990172
-0.0000019395979229965544952
-0.0000019307092776012880225
-0.0000019228492129521766721
-0.0000019158439920292504401
-0.0000019095346801248570070
-0.0000019037928760936501661
-0.0000018985274208615924433
-0.0000018936806745796896127
-0.0000018892168075910980612
-0.0000018834150321310094653
-0.0000018777358650784905330
-0.0000018721841323093543061
-0.0000018667751574717952861
-0.0000018615423840042602555
-0.0000018565484565535501615
-0.0000018518983599132140492
-0.0000018477471364617519633
-0.0000018468280012276626328
-0.0000018461875934434100949
-0.0000018457456874100132784
-0.0000018454515349715206422
-0.0000018452867152859389705
-0.0000018452595946550718859
-0.0000018453971685701883196
-0.0000018457375214422928811
-0.0000018463240577813111626
-0.0000018472017807364730937
-0.0000018484150602402902812
-0.0000018500063994148872136
-0.0000018520160997088755940
-0.0000018544825772507668546
-0.0000018574427278116272684
-0.0000018609322179735975865
-0.0000018649859806238248386
-0.0000018696390721806116973
-0.0000018749267488242133273
-0.0000018808838435520825315
-0.0000018875442424195279099
-0.0000018949403728799172801
-0.0000019031023878928891053
-0.0000019120567999983955831
-0.0000019218241859244669260
-0.0000019324156916929934162
-0.0000019438282801146188213
-0.0000019560391841871178785
-0.0000019690008308528638781
-0.0000019826345188138109820
-0.0000019968234683908088157
-0.0000020114080474119447256
-0.0000020261840393491279121
-0.0000020409048814844228429
-0.0000020552879212792665032
-0.0000020690246005047912881
-0.0000020817939254809597128
-0.0000020932782977346590754
-0.0000021031808022455536482
-0.0000021112423586876847962
-0.0000021172567679862974653
-0.0000021210819671748710373
-0.0000021226464432501362736
-0.0000021219502836204066748
-0.0000021190611160345070065
-0.0000021141057393558054782
-0.0000021072586668602063372
-0.0000020987290633003566019
-0.0000020887474059237931072
-0.0000020775529920959061187
-0.0000020653833636606645819
-0.0000020524662201141716844
-0.0000020390141229524945471
-0.0000020252222037133777886
-0.0000020112675688151135716
-0.0000019973089300492239621
-0.0000019834863701950310793
-0.0000019699188204473249364
-0.0000019567016182182016010
-0.0000019439062452176275712
-0.0000019315812335279321986
-0.0000019197539073472483627
-0.0000019084328275455688206
-0.0000018976108408453674551
-0.0000018872681741857645739
-0.0000018773752432755519895
-0.0000018678946407982031679
-0.0000018587823045327744780
-0.0000018499881965815808997
-0.0000018414573015376343406
-0.0000018331319612579133505
-0.0000018249563638239954442
-0.0000018168838086514954415
-0.0000018088869989951885482
-0.0000018009701735654744359
-0.0000017931802641530186445
-0.0000017856130781109252192
-0.0000017784088941544213716
-0.0000017717334109988684523
-0.0000017657444801538593853
-0.0000017605522483673972857
-0.0000017561881684302972666
-0.0000017525965674886779750
-0.0000017496510588032568818
-0.0000017471861795022860112
-0.0000017450238321200257021
-0.0000017429844561186293187
-0.0000017408924446758673267
-0.0000017385788202591855196
-0.0000017358827106022791115
-0.0000017326544944985795179
-0.0000017287595486725116335
-0.0000017240815433151178583
-0.0000017185241201616532489
-0.0000017120096458922734251
-0.0000017013515575578612539
-0.0000016905993191567823333
-0.0000016798175211674737896
-0.0000016690868592398965790
-0.0000016585069619961698599
-0.0000016481989825250772741
-0.0000016383068197454172757
-0.0000016289944457920548524
-0.0000016204342281674065824
-0.0000016127770261063499939
-0.0000016060908251272135810
-0.0000016002600944455289881
-0.0000015948830298131947496
-0.0000015826611838069119763
-0.0000015684772084748689149
-0.0000015522487756554982007
-0.0000015339182548560110527
-0.0000015134363090655468865
-0.0000014907583466935390084
-0.0000014658443858349900184
-0.0000014386603251270052391
-0.0000014091804440463852106
-0.0000013773908265517173515
-0.0000013432933019657652249
-0.0000013069095625203068164
-0.0000012682851744824045336
-0.0000012274928238711729745
-0.0000011846342145257089611
-0.0000011398402562911980656
-0.0000010932692371920063617
-0.0000010451030576366862177
-0.0000009955415929044991936
-0.0000009447956624949358334
-0.0000008930793101178291508
-0.0000008406025788263898852
-0.0000007875664729726389512
-0.0000007341593334598034379
-0.0000006805533596097980750
-0.0000006269051391534765358
-0.0000005733627833137742273
-0.0000005200736226790927116
-0.0000004671860109990783476
-0.0000004148460737748847798
-0.0000003631965502257257061
-0.0000003123769214260701686
-0.0000002625236637093447743
-0.0000002137704650981017483
-0.0000001662482068282106314
-0.0000001200846320520548281
-0.0000000754035952307935997
-0.0000000323239355769548455
0.0000000090420672155725840
0.0000000485905958718562418
0.0000000862285364211988939
0.0000001218760242422604027
0.0000001554691873927210464
0.0000001869629017235733850
0.0000002163332694030894853
0.0000002435780754874507519
0.0000002687144432933641956
0.0000002917737176702118103
0.0000003127948010372510620
0.0000003318185526174942756
0.0000003488838254727834994
0.0000003640248768341769516
0.0000003772700082172046242
0.0000003886412862322875338
0.0000003981552388397294029
0.0000004058248262126562507
0.0000004116621476008853592
0.0000004156816061891194049
0.0000004179034572629758278
0.0000004183573318914867202
0.0000004170851970261728206
0.0000004141434965347215275
0.0000004096038776970569198
0.0000004035528324441083077
0.0000003960901207564707326
0.0000003873260468571797849
0.0000003773771774795663760
0.0000003663618112948995080
0.0000003543963696778177949
0.0000003415929324160216863
0.0000003280585483063275739
0.0000003138951936214786130
0.0000002991997211649101410
0.0000002840636378609053635
0.0000002685727873679768679
0.0000002528072768021444003
0.0000002368421080193787826
0.0000002207485560313979142
0.0000002045958875056013793
0.0000001884530102143193303
0.0000001723896675350156360
0.0000001564771244316136904
0.0000001407884080911630335
0.0000001253982153403764656
0.0000001103826318364034395
0.0000000958187239951171435
0.0000000817841002825313122
0.0000000683564377783283219
0.0000000556130386167472894
0.0000000436304116299716386
0.0000000324839143647551782
0.0000000222473777537322599
0.0000000129927271428458116
0.0000000047896005161791625
-0.0000000022950539844028866
-0.0000000081975447829671308
-0.0000000128581948173294596
-0.0000000162223493816870916
-0.0000000182414482185027481
-0.0000000188736301405801279
-0.0000000180841141945253696
-0.0000000158450634835069808
-0.0000000121353427926845446
-0.0000000069402564331745660
-0.0000000002513026905268612
0.0000000079339301914961740
0.0000000176117939060707691
0.0000000287725668951637809
0.0000000414004157338291082
0.0000000554733831262149066
0.0000000709633748605981849
0.0000000878361382280524682
0.0000001060512401504618356
0.0000001255620419212196524
0.0000001463156189784007052
0.0000001682526038329142650
0.0000001913069289144177110
0.0000002154057120138634718
0.0000002404694663388214942
0.0000002664127643789637936
0.0000002931453090100068255
0.0000003205729974724870320
0.0000003485988943493947343
0.0000003771240955449110748
0.0000004060484966702888919
0.0000004352714797399929413
0.0000004646925448533152626
0.0000004942119409868194027
0.0000005237313753252727784
0.0000005531549538572981600
0.0000005823902463922419077
0.0000006113492854581929755
0.0000006399495288383868500
0.0000006681148270121746215
0.0000006957766461195019065
0.0000007228757142954411633
0.0000007493638971116261141
0.0000007752059341260890454
0.0000008003808740882058471
0.0000008248830443173511006
0.0000008487223680280936008
0.0000008719238844299100857
0.0000008945262846498359714
0.0000009165793289648171303
0.0000009381404598045018140
0.0000009592708632122475507
0.0000009800313414108459350
0.0000010004782830379071477
0.0000010206602238544017604
0.0000010406156947941183828
0.0000010603724661706802196
0.0000010799489395382112941
0.0000010993575849294840769
0.0000011186084424041055444
0.0000011377117040723110193
0.0000011566788257823264373
0.0000011755224057503238831
0.0000011942556045471365281
0.0000012128916562535953931
0.0000012314433814476176348
0.0000012499226329444731064
0.0000012683395148531283794
0.0000012867011294515300436
0.0000013050104051106878806
0.0000013232653121091434290
0.0000013414586335688950284
0.0000013595784585317944625
0.0000013776090706765716167
0.0000013955324386882576332
0.0000014133296854032911128
0.0000014309826316122258136
0.0000014484747831959751398
0.0000014657917553830859618
0.0000014829212181418440494
0.0000014998528256001326940
0.0000015165779878516563661
0.0000015330900284394244086
0.0000015493838810636581432
0.0000015654556473212762374
0.0000015813018992795041552
0.0000015969188837291688485
0.0000016123017517581426664
0.0000016274438947125802945
0.0000016423364564597743902
0.0000016569680618945394793
0.0000016713247832585269484
0.0000016853902320048074684
0.0000016991455725692602410
0.0000017125694053126402852
0.0000017256374547217342898
0.0000017383219580187863169
0.0000017505909487971079836
0.0000017624075011005714554
0.0000017737289489200201191
0.0000017845061081892311305
0.0000017946826704558771272
0.0000018041950667377380805
0.0000018129732824943234599
0.0000018209436377869137351
0.0000018280361569901742974
0.0000018342036360434036697
0.0000018374994709052532996
0.0000018395873505407816134
0.0000018410253381057762485
0.0000018422278583781228778
0.0000018434531549019210126
0.0000018448448597358157129
0.0000018464742360405325947
0.0000018489223457895747303
0.0000018511233442254269421
0.0000018530939859155769530
0.0000018548257049836844288
0.0000018562694711529845512
0.0000018573345965688526285
0.0000018579057461195300260
0.0000018578748935253720936
0.0000018571768720091790246
0.0000018558204389463997635
0.0000018539100573817244013
0.0000018500026580061363063
0.0000018466058874499075839
0.0000018448315968018083252
0.0000018452282167168549951
0.0000018478936247687356328
0.0000018526824822007402912
0.0000018593603871716528372
0.0000018676865358700181337
0.0000018774481023246279351
0.0000018884695151614576712
0.0000019006108855775693777
0.0000019137627836172727085
0.0000019278404765698268728
0.0000019427788021899118065
0.0000019585279682186854736
0.0000019750502416189923759
0.0000019923173829082024058
0.0000020103086696680710278
0.0000020290093714872656322
0.0000020484095666999350062
0.0000020685032162385460702
0.0000020892874309905004077
0.0000021107618855795783680
0.0000021287003744667879226
0.0000021474470914205580107
0.0000021670421792823736506
0.0000021875303055733497687
0.0000022089546200955496252
0.0000022352850144847676153
0.0000022621493308495227164
0.0000022891992400440247826
0.0000023161408928336492369
0.0000023428302669031244560
0.0000023692711131379956962
0.0000023955588497318391123
0.0000024218222725966810833
0.0000024481865957517907533
0.0000024747572744893913088
0.0000025016166064957978184
0.0000025288261796545277988
0.0000025564310774999279163
0.0000025844639772971900558
0.0000026129485106339736709
0.0000026419018088956033584
0.0000026713363533884135183
0.0000027012612909342140819
0.0000027316833592265723356
0.0000027626075349581878512
0.0000027940374877832056135
0.0000028259758991846227459
0.0000028584246875272740960
0.0000028913851541255879894
0.0000029248579880430074698
0.0000029588430741379517276
0.0000029933393254987592855
0.0000030283447017556301817
0.0000030638564189608979886
0.0000030998712466064910985
0.0000031363857395241450372
0.0000031733963842673807592
0.0000032108996962315675795
0.0000032488922517234854462
0.0000032873706665213218482
0.0000033263315887165175027
0.0000033657717001965229412
0.0000034056877180450083452
0.0000034460763952911501621
0.0000034869345211975282869
0.0000035282589212264683604
0.0000035700464567883899753
0.0000036122940248487567066
0.0000036549985574504604911
0.0000036981570211935549324
0.0000037417664167032512715
0.0000037858237781087457904
0.0000038303261725491603168
0.0000038752706997180871030
0.0000039206544914546303073
0.0000039664747113860084890
0.0000040127285546246933189
0.0000040594132475213605624
0.0000041065260474737011904
0.0000041540642427901278488
0.0000042020251526066716095
0.0000042504061268547803181
0.0000042996301228805027003
0.0000043493346173306678080
0.0000043993613669409286740
0.0000044491355373758182995
0.0000044975256135006161465
0.0000045429473542512161972
0.0000045835941773475664065
0.0000046177529757992114316
0.0000046139280700189857771
0.0000045847965875090432238
0.0000045394407422398753773
0.0000044886430160124131351
0.0000044403659858907403141
0.0000043987056504680092901
0.0000043648789369179992253
0.0000043385340889461299110
0.0000043186780871706810221
0.0000043041784530035980823
0.0000042939853541224884946
0.0000042872060178582149708
0.0000042831119838941987822
0.0000042811205939859150403
0.0000042807697247439740527
0.0000042816935207092183751
0.0000043090784566923780196
0.0000043370986966997608969
0.0000043656674069464832007
0.0000043946990689847868078
0.0000044241102764074170543
0.0000044538202355018969384
0.0000044837508134899801209
0.0000045138264726989794039
0.0000045439741055497155013
0.0000045741226991890317436
0.0000046042027645195684969
0.0000046341454796868273986
0.0000046638815346999936093
0.0000046933396719014836549
0.0000047224449246665943904
0.0000047511166074406484792
0.0000047792661450663155185
0.0000048067949138583907580
0.0000048335923533591321015
0.0000048595345990629909344
0.0000048844838727301114151
0.0000049082888645686974198
0.0000049307862796832296575
0.0000049518036074866405706
0.0000049711630460492676033
0.0000049886863528833493001
0.0000050042001898992822083
0.0000050175415279759854576
0.0000050285626300504566763
0.0000050371351165245144892
0.0000050431527131400578963
0.0000050465325231197257904
0.0000050472149639223247528
0.0000050451625440751598451
0.0000050403578070835869019
0.0000050328007520656379490
0.0000050225059894590810594
0.0000050094999181091308561
0.0000049938180848210640854
0.0000049755028594466467655
0.0000049546014513600688736
0.0000049311643640759511288
0.0000049052443047685712776
0.0000048768955269510773110
0.0000048461735354673399488
0.0000048131350210048988244
0.0000047778379558429180147
0.0000047403418260030358270
0.0000047007079558103868113
0.0000046589998942287061238
0.0000046152837712526896083
0.0000045696286127065604453
0.0000045221065970255460665
0.0000044727933641619398270
0.0000044217683280382994929
0.0000043691149564052238015
0.0000043149209664930875295
0.0000042592784964494822200
0.0000042022842496962859850
0.0000041440397481133671293
0.0000040846515358688026412
0.0000040242312803494429275
0.0000039628956507296925129
0.0000039007658985373921698
0.0000038379670721141024534
0.0000037746267985543134454
0.0000037108735789652482447
0.0000036468345513167408144
0.0000035826327042467329236
0.0000035183836443227792891
0.0000034541924815610484085
0.0000033901514207780443592
0.0000033263385836664456428
0.0000032628184476128376760
0.0000031996437004031825522
0.0000031368583898674592776
0.0000030745022734534925944
0.0000030126162278047332449
0.0000029512482612283340942
0.0000028904595492775822407
0.0000028303297035598655852
0.0000027709599998147606492
0.0000027124721029784866278
0.0000026662323582173921145
0.0000026201362817731296576
0.0000025746753520166239193
0.0000025304065781325872181
0.0000024878870161245022500
0.0000024475718251213347650
0.0000024096946237248231011
0.0000023741706855452892457
0.0000023287374712594414446
0.0000022842943407983760884
0.0000022406961072245098480
0.0000021978302915651253783
0.0000021556226261948758895
0.0000021140344192776743679
0.0000020730545599851773690
0.0000020326898378870852344
0.0000019929559719584845592
0.0000019538708511035521885
0.0000019154511284590671661
0.0000018869976479505235755
0.0000018589882056510223225
0.0000018314787720378933208
0.0000018045382695591512821
0.0000017782524344823910008
0.0000017527290399129578990
0.0000017281050167427356697
0.0000017045562286149747059
0.0000016823109515943954078
0.0000016616684730250351132
0.0000016430245828179803550
0.0000016269058099918860023
0.0000016140132446491422279
0.0000016052724998602127665
0.0000016018733957576068253
0.0000016052491759115305650
0.0000016168685530734105362
0.0000016375775346576478464
0.0000016661210484609732593
0.0000016968793493188790585
0.0000017186945677914873222
0.0000017189255328461755836
0.0000016930325359355208888
0.0000016473820726102428459
0.0000016000686013596849850
0.0000015528406596908923581
0.0000015065054331918699148
0.0000014612382799550225852
0.0000014173783803084276752
0.0000013742270992328384014
0.0000013317819608816015207
0.0000012900404497818179918
0.0000012490000108171160187
0.0000012086580491523424108
0.0000011690119300865938956
0.0000011300589788200848529
0.0000010917964801195701475
0.0000010542216778662808923
0.0000010173317744697787078
0.0000009811239301307768070
0.0000009455952619358870857
0.0000009107428427676247737
0.0000008765637000139021768
0.0000008430548140629246098
0.0000008102131165721446312
0.0000007780354885041005298
0.0000007465187579280889524
0.0000007156596975954327192
0.0000006854550223085302088
0.0000006559013861213769514
0.0000006269953794336006744
0.0000005987335260740070099
0.0000005711122805168856522
0.0000005441280254401671545
0.0000005177770699265123552
0.0000004920556492320519481
0.0000004669599305729273197
0.0000004424860334082222314
0.0000004186300654496226723
0.0000003953881731985711899
0.0000003727566067652970016
0.0000003507318003792313505
0.0000003293104711174942066
0.0000003084897409896902773
0.0000002882672905195377063
0.0000002686415571127919516
0.0000002496119990079972302
0.0000002311794567400336491
0.0000002133466611664196327
0.0000001961189637647684015
0.0000001795054067679562628
0.0000001635203163702732061
0.0000001481857044261699756
0.0000001335349187163458531
0.0000001196182012170513398
0.0000001065110766039422117
0.0000000943266489007386628
0.0000000832323783117189592
0.0000000734691128486092527
0.0000000653611671050669022
0.0000000592848798138093130
0.0000000555316288633813956
0.0000000540139972425648107
0.0000000539643770252242545
0.0000000541335317380836186
0.0000000532373848713200211
0.0000000522057798100934534
0.0000000510978870814078195
0.0000000499674958489299659
0.0000000488506106995464454
0.0000000477689634088584698
0.0000000467361715915372914
0.0000000457613650911865866
0.0000000450332477267234973
0.0000000443194233075785218
0.0000000436173184320813481
0.0000000429240759842860421
0.0000000422365601368472336
0.0000000415513780863385322
0.0000000408649309004573268
0.0000000401735142671923844
0.0000000394735038893685576
0.0000000387616829492539598
0.0000000380358044822555956
0.0000000372955322265294011
0.0000000365439620716620320
0.0000000357899482069835533
0.0000000350512907010118593
0.0000000348250591103809047
0.0000000347552988524765682
0.0000000348483149559879827
0.0000000351091026401245759
0.0000000355412573156230576
0.0000000361469362143739859
0.0000000369268127712386955
0.0000000378800223808428076
0.0000000390040817197292810
0.0000000402947930604653424
0.0000000417461556658786347
0.0000000433503089709418700
0.0000000450975340395397907
0.0000000469763341115611317
0.0000000489736160680918097
0.0000000510749807562521838
0.0000000532651259675520881
0.0000000555283574168430756
0.0000000578491960752714178
0.0000000602130676470383597
0.0000000626070580346104260
0.0000000650206481076115562
0.0000000674463507915121673
0.0000000698800902479610304
0.0000000723211204186752318
0.0000000747714417187590585
0.0000000772347107993591371
0.0000000797144434227468124
0.0000000822113330302900547
0.0000000847205972032464973
0.0000000872347106688778774
0.0000000897451818540208983
0.0000000922431427518940211
0.0000000947196609721987557
0.0000000971659082089622556
0.0000000995732825525210389
0.0000001019335324008306560
0.0000001042388558068122508
0.0000001064819622415448201
0.0000001086561222228748390
0.0000001107552159615973170
0.0000001127737759944017964
0.0000001147070231248804763
0.0000001165508946984988066
0.0000001183020623118371741
0.0000001199579287732317323
0.0000001215166024950126199
0.0000001229768688149624808
0.0000001243381638647485028
0.0000001256005783277727847
0.0000001267648870368708918
0.0000001278325815064248189
0.0000001288058924301576097
0.0000001296877774200823917
0.0000001304818773079414159
0.0000001311924387070967269
0.0000001318242172707610657
0.0000001323823949624765768
0.0000001328724886942451942
0.0000001333001513479970817
0.0000001336887207985023702
0.0000001340673665275842745
0.0000001344558572075695336
0.0000001348660368335215902
0.0000001353021184488454660
0.0000001357637157660803631
0.0000001362482922664509331
0.0000001367525975995057541
0.0000001372733822950436220
0.0000001378077031341200375
0.0000001383530221636614249
0.0000001389072110413491430
0.0000001394685170714532489
0.0000001400355180030935721
0.0000001406070784035450528
0.0000001411823104534727594
0.0000001417605401342577598
0.0000001423412760961900798
0.0000001429241777380015660
0.0000001435090260263570248
0.0000001440956963146873027
0.0000001446841361952263944
0.0000001452743486295354264
0.0000001458663796816720939
0.0000001464603108084421415
0.0000001470562536888441789
0.0000001476543471121313544
0.0000001482547545978346969
0.0000001488576623546904013
0.0000001494632774909498439
0.0000001500718264370742413
0.0000001506835535522095718
0.0000001512987199073806005
0.0000001519176022286761149
0.0000001525404920066768954
0.0000001531676947911949610
0.0000001537995296863398382
0.0000001544363290184705027
0.0000001550784380990117273
0.0000001557262147866169555
0.0000001563800285690645772
0.0000001570402592969096601
0.0000001577072954855121736
0.0000001583815327500624364
0.0000001590633725732280903
0.0000001597532211738313263
0.0000001604514883355422639
0.0000001611585857579926825
0.0000001618749245042028214
0.0000001626009110147154068
0.0000001633369412151976404
0.0000001640833932344763194
0.0000001648406176563166505
