8.0000000000000000000000000
0.0000004596585787613261878
0.0000003556930080136438843
0.0000002535558107964701061
0.0000001532485092046821140
0.0000000547729248083312103
-0.0000000418688164343395464
-0.0000001366743647316424632
-0.0000002296412365983436443
-0.0000003207669033025309677
-0.0000004100488733567629557
-0.0000004974847629233564336
-0.0000005830723563543340676
-0.0000006668096591151872765
-0.0000007486949510316709086
-0.0000008287268168974137002
-0.0000009069041465387386361
-0.0000009832261100834029085
-0.0000010576921302584779148
-0.0000011303018587707235041
-0.0000012010551617343893233
-0.0000012699521140881141428
-0.0000013369930036685099515
-0.0000014021783443609585390
-0.0000014655088987174327485
-0.0000015269857124217101759
-0.0000015866101591850842018
-0.0000016443839862899688303
-0.0000017003092998667861872
-0.0000017543884200224055181
-0.0000018066237987915011761
-0.0000018570180945965546734
-0.0000019055741995328014269
-0.0000019522952438006792090
-0.0000019971845999989189259
-0.0000020402458871783911517
-0.0000020814829745300589938
-0.0000021208999845471953948
-0.0000021585012954603910980
-0.0000021942915426918649010
-0.0000022282756190098167763
-0.0000022604586729801172882
-0.0000022908461052058150385
-0.0000023194435617071286438
-0.0000023462569236148942530
-0.0000023712922921139793504
-0.0000023945559672580760673
-0.0000024160544188525980307
-0.0000024357942470223985449
-0.0000024537821292784476687
-0.0000024700247466383378420
-0.0000024845286298517882731
-0.0000024972997884942906030
-0.0000025083432661221953176
-0.0000025176627673891356034
-0.0000025252603004486616772
-0.0000025311356834300476825
-0.0000025352858558968619221
-0.0000025377039074482635512
-0.0000025383777119353287779
-0.0000025372879755754499818
-0.0000025344053804963594715
-0.0000025296863913768165564
-0.0000025230670648390225473
-0.0000025144537872428337507
-0.0000025037092986269880932
-0.0000024906317469879085979
-0.0000024749245631150826255
-0.0000024561580521858862173
-0.0000024337352167055525483
-0.0000024069046367755701225
-0.0000023749013427420371934
-0.0000023314815520777047196
-0.0000022839824411013735469
-0.0000022324229751837705943
-0.0000021769584485601785840
-0.0000021178758929278486622
-0.0000020555682994263550397
-0.0000019904945369788040845
-0.0000019231377759905603273
-0.0000018539759630636690339
-0.0000017834744146980532909
-0.0000017121019275835976411
-0.0000016403559498749477401
-0.0000015687794133135907456
-0.0000014979505064998914482
-0.0000014284466580952442057
-0.0000013608012842362281269
-0.0000012954593015226839015
-0.0000012327404061322994555
-0.0000011728161041086760129
-0.0000011157045272924376770
-0.0000010612828104576070222
-0.0000010093143875314761252
-0.0000009594888906787209571
-0.0000009114720056693647846
-0.0000008649685204292665836
-0.0000008197938926676590504
-0.0000007773726079208133411
-0.0000007352399521288228546
-0.0000006933596562717257135
-0.0000006517031962400658583
-0.0000006102595365784660876
-0.0000005690519229211871487
-0.0000005281660850689195604
-0.0000004877944435214655365
-0.0000004482951284165273595
-0.0000004102403989717257401
-0.0000003778384416880931537
-0.0000003507417371949268754
-0.0000003251800089373080578
-0.0000003011123648772048698
-0.0000002785209162248198250
-0.0000002574011178769416714
-0.0000002377555518022487411
-0.0000002195902489957563116
-0.0000002029126307554053895
-0.0000001877304039578656536
-0.0000001740509955821981268
-0.0000001618812833680665599
-0.0000001512274878676447806
-0.0000001420951490628078511
-0.0000001344891470747137170
-0.0000001259459653418399324
-0.0000001193002956360022597
-0.0000001146034858137762993
-0.0000001136657269411085612
-0.0000001151290207558756233
-0.0000001191018072273135251
-0.0000001253937595959515933
-0.0000001336503115913233873
-0.0000001434680716563141791
-0.0000001544754603609989963
-0.0000001663750488745107437
-0.0000001789552163146169609
-0.0000001920829431584556365
-0.0000002056881949439545839
-0.0000002197468011182580897
-0.0000002342653665711596015
-0.0000002492694545658788224
-0.0000002647950306687246365
-0.0000002808826329669730539
-0.0000002975736122081012882
-0.0000003164519385283127601
-0.0000003365349605113508284
-0.0000003555534634585981890
-0.0000003752607544665870092
-0.0000003955485478392453677
-0.0000004162461150808223758
-0.0000004371878459787728589
-0.0000004582523459692790719
-0.0000004793762958333870367
-0.0000005005503348206870059
-0.0000005260309752805850065
-0.0000005522140164964138257
-0.0000005790563366824418411
-0.0000006064872957487095823
-0.0000006344046934242884318
-0.0000006626793606393787008
-0.0000006911653206674354180
-0.0000007197146334284313840
-0.0000007481945089388703497
-0.0000007765026794168044541
-0.0000008045770678726744579
-0.0000008323978568804330650
-0.0000008599830096370322094
-0.0000008873812753265716621
-0.0000009146624035744916204
-0.0000009419051569242753635
-0.0000009691888401811749866
-0.0000009965927287120226734
-0.0000010241979477445442272
-0.0000010520895963618073804
-0.0000010803587108213443435
-0.0000011091029378966790953
-0.0000011384250756516885006
-0.0000011684286772229143552
-0.0000011992109197555904479
-0.0000012308557668830604269
-0.0000012634318090501252153
-0.0000012969943864777106978
-0.0000013315894349428962047
-0.0000013672570017174915423
-0.0000014040342823583583335
-0.0000014495976562506889605
-0.0000014968757242548172039
-0.0000015456809600155490328
-0.0000015957138622380377714
-0.0000016466338014925059761
-0.0000016901199874017798101
-0.0000017347090360559510234
-0.0000017804918481127267552
-0.0000018275663316869647151
-0.0000018760226896674168049
-0.0000019259351722894711363
-0.0000019773581291519292905
-0.0000020303244665246258296
-0.0000020848446599523536979
-0.0000021409040232343685060
-0.0000021984611088844715418
-0.0000022574441527738084808
-0.0000023177456093755612981
-0.0000023792177738054665133
-0.0000024416702767837617247
-0.0000025048697530348691833
-0.0000025685424579982183910
-0.0000026323800124739872575
-0.0000026960481418484666937
-0.0000027591978181208323306
-0.0000028214778582281423378
-0.0000028825478657752852578
-0.0000029420905035673487307
-0.0000029998219617170803028
-0.0000030554997960919042511
-0.0000031089277759689350260
-0.0000031599577780425690906
-0.0000032084889909703342050
-0.0000032544649441108023132
-0.0000032978689640246409067
-0.0000033387187188903089555
-0.0000033770601809801740367
-0.0000034129613188226772029
-0.0000034465060294944488231
-0.0000034777886882754868988
-0.0000035069094417699970854
-0.0000035339701284582592445
-0.0000035590711691643263685
-0.0000035823099499733628039
-0.0000036037794792408554167
-0.0000036235657290725992001
-0.0000036417445896108120497
-0.0000036583785810342469259
-0.0000036735163072286053308
-0.0000036871956950464925631
-0.0000036994486831968282125
-0.0000037103063339519302169
-0.0000037198041191660635185
-0.0000037279877000023284809
-0.0000037349171190932993760
-0.0000037406696244615702329
-0.0000037453429980232475291
-0.0000037490582480845482671
-0.0000037519590357287087789
-0.0000037538371567158504755
-0.0000037544221293873724316
-0.0000037540132895155349594
-0.0000037528723440843354115
-0.0000037529250264398379900
-0.0000037528071414467224807
-0.0000037504614243731766291
-0.0000037476310328068779075
-0.0000037443509878570172108
-0.0000037406465977131650729
-0.0000037365324399469406635
-0.0000037320142362226332780
-0.0000037270913879190867113
-0.0000037217592807509508016
-0.0000037160110908959180481
-0.0000037098390777822186403
-0.0000037032354457248278046
-0.0000036961928780559042505
-0.0000036887048374708101474
-0.0000036824528239918899473
-0.0000036754820775135877316
-0.0000036677368472254280678
-0.0000036591692964676583809
-0.0000036497430631216686697
-0.0000036394323859317196138
-0.0000036282195964308714560
-0.0000036160917732118006967
-0.0000036030372743761711037
-0.0000035890426894536886566
-0.0000035740906661632516557
-0.0000035581589334640356517
-0.0000035412207214111957076
-0.0000035232465898526677427
-0.0000035042074630611586557
-0.0000034854964992016891611
-0.0000034654678003341673968
-0.0000034440651432055491267
-0.0000034212481099110824911
-0.0000033970054559243401949
-0.0000033713732870854586413
-0.0000033444574954979706606
-0.0000033164575536197790932
-0.0000032876849836981700163
-0.0000032585652153218027937
-0.0000032296084777961683079
-0.0000032013379749204203658
-0.0000031741753322057899561
-0.0000031483016818120742606
-0.0000031235250639096864948
-0.0000030981007410601644023
-0.0000030726492329449007175
-0.0000030471766776773457937
-0.0000030229708963625631266
-0.0000029987012931493066135
-0.0000029743806447225859563
-0.0000029500242769387446934
-0.0000029256504598819863639
-0.0000029012808150680485508
-0.0000028769407040631299921
-0.0000028526595454292008250
-0.0000028284709737443845756
-0.0000028044127067908529833
-0.0000027805259086367013885
-0.0000027568537326322238085
-0.0000027334385925254706251
-0.0000027103175208272510648
-0.0000026875147032236477960
-0.0000026650298442955735750
-0.0000026428201600318126468
-0.0000026217304835983779188
-0.0000026010160026257951241
-0.0000025795011779959027642
-0.0000025580853153544509994
-0.0000025367893873473442232
-0.0000025156543210595363658
-0.0000024947530488237202323
-0.0000024742044532096782614
-0.0000024541810696337864570
-0.0000024348894093631266120
-0.0000024173548175305884600
-0.0000024001752332731704105
-0.0000023833514548942247500
-0.0000023668991690826746526
-0.0000023508466633741755096
-0.0000023352313089656338259
-0.0000023200959780360861958
-0.0000023054856757206852920
-0.0000022914441674382057304
-0.0000022780113733499992075
-0.0000022652223101124247434
-0.0000022531074602066731087
-0.0000022416940045308299599
-0.0000022310066374403738528
-0.0000022210687658719021415
-0.0000022119043493426527267
-0.0000022035393827980757980
-0.0000021960029600932481243
-0.0000021893279068995008729
-0.0000021835507227931230190
-0.0000021787102100210656827
-0.0000021748443202283289132
-0.0000021719849050978478724
-0.0000021701503640850784615
-0.0000021693358697776814019
-0.0000021695022225735293486
-0.0000021705646569086860707
-0.0000021723828821565212067
-0.0000021747537130498911250
-0.0000021774079563550801927
-0.0000021800137986431971787
-0.0000021821889632399622416
-0.0000021835214331787634089
-0.0000021835967135383889440
-0.0000021820276166305400537
-0.0000021784825011907919771
-0.0000021727089671231238520
-0.0000021645500157044925932
-0.0000021539506889287668574
-0.0000021409546509460455371
-0.0000021256918980933335819
-0.0000021083598092084342774
-0.0000020892018250155184869
-0.0000020684870769019032085
-0.0000020464935548630833000
-0.0000020234963283448122913
-0.0000019997609543078201650
-0.0000019755388745492743554
-0.0000019510631462169702214
-0.0000019265436561610057884
-0.0000019021636204164919600
-0.0000018780779377049094748
-0.0000018544112971690283760
-0.0000018312584669320829385
-0.0000018086870060557294973
-0.0000017867417124097658335
-0.0000017654497762964808058
-0.0000017448257141266264538
-0.0000017248745850019903375
-0.0000017055929901634913433
-0.0000016869681327118595362
-0.0000016689758878352269118
-0.0000016515790093457577652
-0.0000016347264243885335093
-0.0000016183541616028793949
-0.0000016023881141925646604
-0.0000015867486416503935449
-0.0000015713569751081932077
-0.0000015561432526096792817
-0.0000015410556555054426894
-0.0000015260695238520983859
-0.0000015111944008363353919
-0.0000014964752470296799095
-0.0000014819832487119830360
-0.0000014677952448512738895
-0.0000014539661599744674979
-0.0000014405037945997721847
-0.0000014273561481998337539
-0.0000014144170691487196537
-0.0000014015469922131268774
-0.0000013885959622555315197
-0.0000013754177079602155650
-0.0000013618696844205609342
-0.0000013477972619962976779
-0.0000013330316435531865211
-0.0000013134679273111548194
-0.0000012933862587436996870
-0.0000012727448461471361376
-0.0000012554157967276908733
-0.0000012368847695091505353
-0.0000012147100677539558658
-0.0000011922422122832370354
-0.0000011695248692103236674
-0.0000011466095726559981698
-0.0000011235552802642337423
-0.0000011004267268703914124
-0.0000010772907018068516982
-0.0000010542089585465790253
-0.0000010312261589086291729
-0.0000010083517092006574517
-0.0000009855373842240243418
-0.0000009626624247623840453
-0.0000009395623787539269542
-0.0000009107524734588301211
-0.0000008800187404348070490
-0.0000008474052843373901980
-0.0000008129263477652083447
-0.0000007765717578091009515
-0.0000007383121871790836669
-0.0000006980985614010432127
-0.0000006558634547455493281
-0.0000006115256133198558852
-0.0000005649982674031355411
-0.0000005162010423303279185
-0.0000004650747386647178434
-0.0000004115974665512825257
-0.0000003557995485308702743
-0.0000002977740889391461441
-0.0000002376806564909950809
-0.0000001757406004278309849
-0.0000001122241950883984153
-0.0000000474313010195288902
0.0000000183312926062855481
0.0000000847718676492609651
0.0000001516308830564115096
0.0000002186893824852827676
0.0000002857702827023132533
0.0000003527343074394462145
0.0000004194660345713948701
0.0000004858513230136805427
0.0000005517614676985868630
0.0000006170571925674320560
0.0000006816012417094522615
0.0000007452610198526534691
0.0000008079072089279825323
0.0000008694120483454872348
0.0000009296476564653331506
0.0000009884848462353862448
0.0000010457926289478766137
0.0000011014387058463037137
0.0000011552907781440478859
0.0000012072180721011128381
0.0000012570933600256566822
0.0000013047959037350158559
0.0000013502160309967090968
0.0000013932607409918522425
0.0000014338593323631681440
0.0000014719677464998567416
0.0000015075691441960113229
0.0000015406709130368202784
0.0000015712998588401671191
0.0000015994964526382041108
0.0000016253086020100267503
0.0000016487858191562740945
0.0000016699740492625726842
0.0000016889112871580732990
0.0000017056242304962829972
0.0000017201263271327842219
0.0000017324182100238432523
0.0000017424901876840258219
0.0000017503265496537834976
0.0000017559113214834485867
0.0000017592343754853222435
0.0000017602970646278018122
0.0000017591168625504115291
0.0000017557300560778998770
0.0000017501929023370037801
0.0000017425805312796962592
0.0000017329835294236391220
0.0000017215021767362711160
0.0000017082398207689196063
0.0000016932975125631723309
0.0000016767701117506732926
0.0000016587453731532272521
0.0000016393043563797532927
0.0000016185219125360381476
0.0000015964666110759779979
0.0000015732001145381668517
0.0000015487764545715329701
0.0000015232422239984070958
0.0000014966378286828356062
0.0000014689998103496136804
0.0000014403635822248235466
0.0000014107660286345103860
0.0000013802477968058363222
0.0000013488552925343309793
0.0000013166424461898305076
0.0000012836723248185515363
0.0000012500185279836630371
0.0000012157663533250223103
0.0000011810135890965584286
0.0000011458709084343030556
0.0000011104617700729090167
0.0000010749218387547888258
0.0000010393978497028493933
0.0000010040459426734712818
0.0000009690294708988786946
0.0000009345163522016948847
0.0000009006758709583571536
0.0000008676750159210236778
0.0000008356743329860301630
0.0000008048236555838645223
0.0000007752588181762510611
0.0000007470992836123927037
0.0000007204475292916398551
0.0000006953894821539830811
0.0000006719952353984507126
0.0000006503198209681626273
0.0000006304039006049966634
0.0000006122744719575883048
0.0000005959455804072671458
0.0000005814191066978318132
0.0000005686856951127848123
0.0000005577258888445102364
0.0000005485113989530616415
0.0000005410065772405730495
0.0000005351699186085782577
0.0000005309557133313040708
0.0000005283156156424490634
0.0000005271999439917018478
0.0000005275575630925685726
0.0000005293348470464367242
0.0000005324746883130448104
0.0000005369159007254326554
0.0000005425927088457708878
0.0000005494342230255541734
0.0000005573638069530674415
0.0000005662983792221004344
0.0000005761476828031536129
0.0000005868135288883002713
0.0000005981889977012316303
0.0000006101575071188644660
0.0000006225914667563120551
0.0000006353506931526748903
0.0000006482813999430953490
0.0000006612163516907965942
0.0000006739768336985803154
0.0000006863764343171108885
0.0000006982262530592596818
0.0000007093417702654493651
0.0000007195514647281715381
0.0000007287064766085968718
0.0000007366902132650181262
0.0000007434265508267026867
0.0000007488851882755279518
0.0000007530830999749077472
0.0000007560816387457792018
0.0000007579791633590969674
0.0000007589001492075187945
0.0000007589823316541711910
0.0000007583637677026881327
0.0000007571714007830905817
0.0000007555124284499941808
0.0000007534707430756461088
0.0000007511099774341152676
0.0000007484827461590859145
0.0000007456400021625286347
0.0000007426362034561245177
0.0000007395309626743356887
0.0000007363897202237126594
0.0000007332841531234596472
0.0000007302920189747540524
0.0000007274965180175479729
0.0000007249852822822677148
0.0000007228490228557721470
0.0000007211799976756948502
0.0000007200704934631065853
0.0000007196112822037866126
0.0000007198900558790401093
0.0000007209896947536230550
0.0000007229863556571360520
0.0000007259475103425722905
0.0000007299303401958556577
0.0000007349806574069995250
0.0000007411327792533712604
0.0000007484102163870203705
0.0000007568270249730209313
0.0000007663896747301137116
0.0000007770992426447784666
0.0000007889538078942465900
0.0000008019503936162722151
0.0000008160864001874977454
0.0000008313604182414185599
0.0000008477723533202101511
0.0000008653230587752652196
0.0000008840133872973220016
0.0000009038428720075609482
0.0000009248082834754929558
0.0000009469026442843924216
0.0000009701144732309493788
0.0000009944272886387505636
0.0000010198192467386469294
0.0000010462628357123045353
0.0000010737246290170197162
0.0000011021651408817987542
0.0000011315387571407516474
0.0000011617937176022686022
0.0000011928721406212027346
0.0000012247100800328920217
0.0000012572376358999001356
0.0000012903791575845129298
0.0000013240535231328349054
0.0000013581744571086313000
0.0000013926508527697787119
0.0000014273870090602717689
0.0000014622831078135886816
0.0000014972364735086230580
0.0000015321434483169215801
0.0000015669019766934374484
0.0000016014137470350650773
0.0000016355858125527652825
0.0000016693318481881933170
0.0000017025731611526422823
0.0000017352394766997050896
0.0000017672696440014177224
0.0000017986123094368357440
0.0000018292265278653724582
0.0000018590821949649182410
0.0000018881601524912630787
0.0000019164518214881419375
0.0000019439583329041725017
0.0000019706890788211878713
0.0000019966596863450909231
0.0000020218894401742193133
0.0000020463981871782897368
0.0000020702030849763853198
0.0000020933160211561525609
0.0000021157426999047289290
0.0000021374830487027105952
0.0000021585324765765920840
0.0000021788827048349461592
0.0000021985213787654992944
0.0000022174316741362084650
0.0000022355921180345845964
0.0000022529765211897007852
0.0000022695541507893904062
0.0000022852902941613751344
0.0000023001471556788522952
0.0000023140849728437931682
0.0000023270632955735171896
0.0000023390417893980307781
0.0000023499806650409709905
0.0000023598413996411613574
0.0000023685872076356638582
0.0000023761827923708857139
0.0000023825916607133174562
0.0000023877722832059164320
0.0000023916758475681292002
0.0000023942480913633012710
0.0000023954339986096361355
0.0000023951837086741384236
0.0000023934579011701347223
0.0000023902315828631596120
0.0000023854960858759099474
0.0000023792597536588944778
0.0000023715476113168827482
0.0000023624002907690275899
0.0000023518726051316910998
0.0000023400321415705631480
0.0000023269580489691003338
0.0000023127396079114050152
0.0000022974748581200178835
0.0000022812690546282310509
0.0000022642330295860114025
0.0000022464817535688378824
0.0000022281328627751231190
0.0000022093052657669079759
0.0000021901178083470749424
0.0000021706882295404741463
0.0000021511321961990285407
0.0000021315623346602960702
0.0000021120872168795525220
0.0000020928103545215594498
0.0000020738293818547211610
0.0000020552355453606686523
0.0000020371134843173482461
0.0000020195412978748830567
0.0000020025907626212087214
0.0000019863276947668399166
0.0000019708122174452369383
0.0000019560990291579042767
0.0000019422374919465825696
0.0000019292717206384699395
0.0000019172407431431317626
0.0000019061787444351003206
0.0000018961153740483814785
0.0000018870761694804397947
0.0000018790829270952629818
0.0000018721540567951820782
0.0000018663049038416859730
0.0000018615480746955133557
0.0000018578935755957658316
0.0000018553486579929729647
0.0000018539173188717238310
0.0000018535994107650834678
0.0000018543893117085486316
0.0000018562740579626285240
0.0000018592307226012656806
0.0000018632227276606138830
0.0000018681947786712745333
0.0000018740672995210233543
0.0000018807352367807123537
0.0000018880770311183861750
0.0000018959696903382279752
0.0000019043006157921495861
0.0000019129746070991647338
0.0000019219167614867922670
0.0000019310722325910588393
0.0000019404039291863691087
0.0000019498890624949591343
0.0000019595152346875540429
0.0000019692765374437248271
0.0000019791698540299038166
0.0000019891918005654633713
0.0000019993368624922656452
0.0000020095968578380329337
0.0000020199617141423684117
0.0000020304213822959473062
0.0000020409682476680609584
0.0000020516001807706100270
0.0000020623237338375963079
0.0000020731579321608263370
0.0000020812694729320213662
0.0000020910103778257290352
0.0000021024788221518796040
0.0000021156666134357902331
0.0000021305018069522240228
0.0000021465747099327551888
0.0000021630824935332525644
0.0000021800447212452967225
0.0000021975298563941765413
0.0000022186564983525240927
0.0000022419320883497509311
0.0000022671760804344805980
0.0000022939967098992142010
0.0000023219625621208503172
0.0000023507020606746020870
0.0000023799388378029474547
0.0000024094889803593759797
0.0000024392428120194810758
0.0000024691443183340209176
0.0000024991736979733957792
0.0000025269880956719942469
0.0000025551956664923987402
0.0000025838640412289431042
0.0000026131035924069882402
0.0000026430541818696210586
0.0000026738515664267870736
0.0000027055804233922281457
0.0000027382226860303002945
0.0000027716171772822184764
0.0000028054551095914926053
0.0000028405952311814570331
0.0000028725945079177440120
0.0000029011498329590657410
0.0000029267436337625757795
0.0000029500453872655377594
0.0000029716303940079400748
0.0000029919194151209672254
0.0000030112004401004182694
0.0000030296655183088108923
0.0000030539386451015046135
0.0000030783857552878774143
0.0000031030515886280437220
0.0000031279750782290516530
0.0000031531916477370495566
0.0000031787331146182673506
0.0000032046249622458363959
0.0000032308816067593657113
0.0000032575004589558977641
0.0000032844549555458464878
0.0000033116871379337155670
0.0000033391011057675304552
0.0000033665591436738119628
0.0000033938827696159173471
0.0000034208607562233135502
0.0000034472631880485378365
0.0000034728581276276760494
0.0000034974233715440551242
0.0000035207518267209556705
0.0000035426523175729175371
0.0000035629490143971448853
0.0000035814804670538466383
0.0000035980984814434854947
0.0000036126668008369380104
0.0000036250597121269293669
0.0000036351608014690164845
0.0000036428619298952957795
0.0000036480622500404254150
0.0000036506686555768459050
0.0000036505988208605916088
0.0000036477832045424120464
0.0000036421663789144494104
0.0000036337089297374609016
0.0000036223966969082451764
0.0000036082619103908577801
0.0000035913917591151735068
0.0000035719192210969571136
0.0000035500098588744084936
0.0000035258490436128405197
0.0000034996276100876263163
0.0000034715290238079585371
0.0000034417181650354146044
0.0000034103373587617523749
0.0000033775063025153776724
0.0000033433245649620549281
0.0000033078749455493620425
0.0000032712280553772239354
0.0000032334475163419995330
0.0000031945955499138838904
0.0000031547384109981769179
0.0000031139511895012974244
0.0000030723215560298867681
0.0000030299522508931462739
0.0000029869620701449093362
0.0000029434845432790437876
0.0000028996643746539247852
0.0000028556523813362771480
0.0000028115996174134821944
0.0000027676512677279152605
0.0000027239409532076070219
0.0000026805862998799399310
0.0000026376862033426779726
0.0000025953185117897530593
0.0000025535386626195682294
0.0000025123796068083025793
0.0000024718530839025285960
0.0000024319522238273159056
0.0000023926553492355667468
0.0000023539307568248290358
0.0000023157421567163918214
0.0000022780544019867958424
0.0000022408388853568212304
0.0000022040772770664533836
0.0000021677615441732632026
0.0000021318915158157140137
0.0000020964708797474935436
0.0000020615039315113436749
0.0000020269919017579852021
0.0000019929353490153107758
0.0000019593370125974941106
0.0000019262028337045055549
0.0000018935412854325756000
0.0000018613616034034731637
0.0000018296718810608084877
0.0000017984776813279057770
0.0000017677812982346971213
0.0000017375817841575486428
0.0000017078757060935515649
0.0000016786585933096288203
0.0000016499266913919253397
0.0000016216789785965338042
0.0000015939189217509436487
0.0000015666557283983084446
0.0000015399039469120016304
0.0000015128313961769304751
0.0000014861932069693722239
0.0000014601029479315899184
0.0000014346764237270519224
0.0000014099954305677469067
0.0000013868254503416289250
0.0000013642946644569953720
0.0000013423820633098663569
0.0000013210731627276411046
0.0000012995149595553660029
0.0000012784940800431362503
0.0000012580185875190446849
0.0000012381037938748611001
0.0000012187771030903510309
0.0000012000852062066327034
0.0000011821031201860261889
0.0000011649409712122640507
0.0000011487362393973638719
0.0000011336088441468114957
0.0000011195629278867671877
0.0000011067910151061292602
0.0000010945474981004189262
0.0000010827675151140125793
0.0000010714171421862701190
0.0000010604919655016135696
0.0000010500087834048517811
0.0000010399947382583733902
0.0000010304760320526570794
0.0000010214686546629501242
0.0000010129767119733365605
0.0000010044250611795752520
0.0000009964311347579182722
0.0000009889856019302672166
0.0000009820743493845429048
0.0000009756760181103032445
0.0000009697588629539078298
0.0000009642778880389481280
0.0000009591761522859337138
0.0000009544018210746537364
0.0000009505917061585496770
0.0000009473194939118296995
0.0000009446101955088702420
0.0000009424886989389983380
0.0000009409730809524906043
0.0000009400728823847489390
0.0000009397896054999948366
0.0000009401166538951613183
0.0000009410390871813170221
0.0000009425327264051608449
0.0000009445632593211145832
0.0000009470853346924923756
0.0000009500420696867357109
0.0000009533652616782580669
0.0000009569763674134048460
0.0000009607887919401134750
0.0000009647113834504308941
0.0000009686533235164348419
0.0000009725301388958636141
0.0000009762699712756508787
0.0000009798191324297748523
0.0000009831459576704917040
0.0000009862423451451356598
0.0000009891233288109981616
0.0000009918244429839362519
0.0000009943974186042658017
0.0000009969047056393452935
0.0000009994127691231793028
0.0000010019856812177973078
0.0000010046791327834881073
0.0000010075356031753724202
0.0000010105804233820139103
0.0000010138191127054264191
0.0000010172425428567407174
0.0000010208352037083229813
0.0000010245734360116662829
0.0000010284218262537320544
0.0000010323314657624483965
0.0000010362403248724232668
0.0000010400771987214525639
0.0000010437665680660714549
0.0000010472321252431506214
0.0000010503992546740789602
0.0000010531968214052270637
0.0000010555587656618034948
0.0000010574250686887969383
0.0000010587427069500347331
0.0000010594661772280886077
0.0000010595579381717438487
0.0000010589885707969938234
0.0000010577366161230733584
0.0000010557883334659765885
0.0000010531373857582468571
0.0000010497846917012915491
0.0000010457385083944155250
0.0000010410147162480240420
0.0000010356372067427207908
0.0000010296381285101375429
0.0000010230577617656529678
0.0000010159438482633867074
0.0000010083502931031351060
0.0000010003352211590500745
0.0000009919585063943082664
0.0000009832789673682513979
0.0000009743514871942115594
0.0000009652243331701241900
0.0000009559369156656827713
0.0000009465181591810393959
0.0000009369858453567585152
0.0000009273471571930772025
0.0000009176008367144517235
0.0000009077412917490687946
0.0000008977640492412531255
0.0000008876715031380162430
0.0000008774770252571398809
0.0000008672039977646499173
0.0000008568781794186142101
0.0000008465306001525704365
0.0000008361963598831206379
0.0000008259122603408073139
0.0000008157154457271795804
0.0000008056426544550568029
0.0000007957296724140881701
0.0000007860107917419542148
0.0000007765183733912169321
0.0000007672825682504874654
0.0000007583310990771626414
0.0000007496890587473712715
0.0000007413787434938684677
0.0000007334195225157246114
0.0000007258277465701289412
0.0000007186167059084025197
0.0000007117966783802336469
0.0000007053750727946290815
0.0000006993565814973631045
0.0000006937433146457056246
0.0000006885347985568176214
0.0000006837278555948165488
0.0000006793164633201797296
0.0000006752916487979406148
0.0000006716415218978011468
0.0000006683514359296584074
0.0000006654042855945012926
0.0000006627808827773817783
0.0000006604602760562500499
0.0000006584201019483131910
0.0000006566373203695935637
0.0000006550220861988047157
0.0000006534471157735916785
0.0000006518320240149652367
0.0000006501289347273724538
0.0000006483209578035366426
0.0000006464098137321965473
0.0000006444059005956543618
0.0000006423224817238437549
0.0000006401727972639496832
0.0000006379688316297021691
0.0000006357209151347527392
0.0000006334377081669931116
0.0000006311263400787065385
0.0000006287925933669882910
0.0000006264410813575721995
0.0000006240754080396742085
0.0000006216983061885773912
0.0000006193117644665935498
0.0000006169171570053325538
0.0000006145153617758964004
0.0000006121068710032558607
0.0000006096918815279280507
0.0000006072703638826756213
0.0000006048421125957813690
0.0000006024067777762097306
0.0000005999638862658033278
0.0000005975128543276486872
0.0000005950529973403760511
0.0000005925835381152903419
0.0000005901036141931843434
0.0000005876122842784600489
0.0000005851085339261901368
0.0000005825912805095148440
0.0000005800593775351377184
0.0000005775116182803788978
0.0000005749467386729521346
0.0000005723634193516309969
0.0000005697602870201624249
0.0000005671359154128586680
0.0000005644888270792741056
0.0000005618174971340019990
0.0000005591203584432654917
0.0000005563958086051092398
0.0000005536422164079840249
0.0000005508579269410533311
0.0000005480412663078347116
0.0000005451905465253402056
0.0000005423040724203368507
0.0000005393801522874701431
0.0000005364171144935871633
0.0000005334133319555090915
0.0000005303672522989736605
0.0000005272774379533237378
