16.0000000000000000000000000
0.0000006090149395014793926
0.0000005895818150987525361
0.0000005704554125953308807
0.0000005516370362875217637
0.0000005331281428417894362
0.0000005149303406387373630
0.0000004970453578614757717
0.0000004794750109718607290
0.0000004622211751483236149
0.0000004452857571094199276
0.0000004286706711260390702
0.0000004123778175484742810
0.0000003964090627289243402
0.0000003807662168685776793
0.0000003654510132078702518
0.0000003504650889416219207
0.0000003358099701551631856
0.0000003214870615441648109
0.0000003074976380441271099
0.0000002938428372370528216
0.0000002805236517324660592
0.0000002675409211336137081
0.0000002548953233282258634
0.0000002425873651184234919
0.0000002306173726703945816
0.0000002189854828970005854
0.0000002076916394809450348
0.0000001967356028361223236
0.0000001861169947180024361
0.0000001758353594828862747
0.0000001658901242932580380
0.0000001562805839810322536
0.0000001470059011390837078
0.0000001380651069241003986
0.0000001294571027567819492
0.0000001211806631473810859
0.0000001132344399256527696
0.0000001056169682165089287
0.0000000983266745786543295
0.0000000913618878165107319
0.0000000847208530901154821
0.0000000784017506800992400
0.0000000724027232361027488
0.0000000667219149021335779
0.0000000613575260406891338
0.0000000563078949034305082
0.0000000515716084053015803
0.0000000471476488819832274
0.0000000430355569422521955
0.0000000392355973476779365
0.0000000357489252910070602
0.0000000325777583995678987
0.0000000297255769269079339
0.0000000271973974313475938
0.0000000250001797731631176
0.0000000231434575015288343
0.0000000216402890332387673
0.0000000205086866382934939
0.0000000197736840955514516
0.0000000194700018326906465
0.0000000196443770261037570
0.0000000203540604626381436
0.0000000221975693202325281
0.0000000245671809965990923
0.0000000274710976055758223
0.0000000309203071822034608
0.0000000349286120400739990
0.0000000395120760514138621
0.0000000446876833994038455
0.0000000504710879885391585
0.0000000568734409181033695
0.0000000638974275021166645
0.0000000715328627219414789
0.0000000797521770903187578
0.0000000885068140503291360
0.0000000977259884825376968
0.0000001073193357794033293
0.0000001171840082819645245
0.0000001272152789040671635
0.0000001373182907633948550
0.0000001474180152268135378
0.0000001574649953551244883
0.0000001674359950063266740
0.0000001773302571526154777
0.0000001871628979331965169
0.0000001969570452165564262
0.0000002067355682875497130
0.0000002165129217637503444
0.0000002250587970412378076
0.0000002337868780306782447
0.0000002427287077030542059
0.0000002519220598843302430
0.0000002614087323319712858
0.0000002712278539171317740
0.0000002816745692879806779
0.0000002920803386171068206
0.0000003024182051472053573
0.0000003126564659167272251
0.0000003227593080572250603
0.0000003326885003147904327
0.0000003424060651711047051
0.0000003518769812256841521
0.0000003610713260468311636
0.0000003699655630273853911
0.0000003785427216885373836
0.0000003867914994591463018
0.0000003947047968664434360
0.0000004022783555278827264
0.0000004095097444423493413
0.0000004163977420992420970
0.0000004229418085002140312
0.0000004291415624740718914
0.0000004349962183430821816
0.0000004405040158600988141
0.0000004456617924979566644
0.0000004504649445259359515
0.0000004549072447075045418
0.0000004589801303643683676
0.0000004626723491388596143
0.0000004659708519085137215
0.0000004688625202176296709
0.0000004713364600981341739
0.0000004733849084713442260
0.0000004750031935633428664
0.0000004761895545900765042
0.0000004769452485721631986
0.0000004772751337375748730
0.0000004771880715758630691
0.0000004766967275708072041
0.0000004758167034362427595
0.0000004745650072379420770
0.0000004729581190302158098
0.0000004710102337947681873
0.0000004687321134780326037
0.0000004661305525382289244
0.0000004632079699423577914
0.0000004599619130436282336
0.0000004563846726905634309
0.0000004524639384958101080
0.0000004481845938951157440
0.0000004435311940114699298
0.0000004384901041456386442
0.0000004330507713488147529
0.0000004272091101116399742
0.0000004209742004347242869
0.0000004133775736457240236
0.0000004054388063328282222
0.0000003973461655558526194
0.0000003892022627015549500
0.0000003810520747139332540
0.0000003729088251892051323
0.0000003647702092740718770
0.0000003566271416785343140
0.0000003484680988953424974
0.0000003402811410595913454
0.0000003320547843407228694
0.0000003237783293426015651
0.0000003154419449452409468
0.0000003070366509685794746
0.0000002985542659288042337
0.0000002895649368924815773
0.0000002804373003591812919
0.0000002711652963513798605
0.0000002617331891926153212
0.0000002521084088603370235
0.0000002422432881866441796
0.0000002322919631081789167
0.0000002217726951308830699
0.0000002109423523423404791
0.0000002001474061128186898
0.0000001896743966591770691
0.0000001796900759885174103
0.0000001702517433636273025
0.0000001604689365188671431
0.0000001508627596123804339
0.0000001414336698930320093
0.0000001321783220668425570
0.0000001230923749007734901
0.0000001141729308017301811
0.0000001054189645045853495
0.0000000968303414244427376
0.0000000884061590206180909
0.0000000801432406586137525
0.0000000720353022541097715
0.0000000640731424699141654
0.0000000562458643787167183
0.0000000485427759631104592
0.0000000409554021965179114
0.0000000334790848762677453
0.0000000261138662620241349
0.0000000188646231985424841
0.0000000117406131144807361
0.0000000047546958693864286
-0.0000000020775402537332612
-0.0000000087385923111820513
-0.0000000152097518906291692
-0.0000000214717588067892283
-0.0000000275053069334332679
-0.0000000332912745032476037
-0.0000000388107768170937974
-0.0000000440453149547693467
-0.0000000489769973195656172
-0.0000000535888141183957288
-0.0000000578649932842608988
-0.0000000617914632663759264
-0.0000000653564316812945215
-0.0000000685510815167872739
-0.0000000713703040428204941
-0.0000000738134213296007352
-0.0000000758848480186797487
-0.0000000775946650210621394
-0.0000000789591003815521499
-0.0000000800008645352381730
-0.0000000807492574311813375
-0.0000000812399678891179555
-0.0000000815144935931070276
-0.0000000816191133987526291
-0.0000000816033719780850001
-0.0000000815180700936726109
-0.0000000814127971914677683
-0.0000000813331575252842710
-0.0000000813179183125343334
-0.0000000813963476050054433
-0.0000000815860223189241311
-0.0000000818913689234773002
-0.0000000823031280974072738
-0.0000000827988401770509173
-0.0000000833443345121152619
-0.0000000838960400700643007
-0.0000000844038418389769607
-0.0000000848142022312532684
-0.0000000850733386151165890
-0.0000000851303273032882369
-0.0000000849396497315341837
-0.0000000844626659826631805
-0.0000000836681706296756768
-0.0000000825328586412335902
-0.0000000810412703660813707
-0.0000000791852891986377297
-0.0000000769633456723608104
-0.0000000743794094136068319
-0.0000000714418296642653003
-0.0000000681621779239854326
-0.0000000645542319848550688
-0.0000000606329490751040007
-0.0000000564133028762048155
-0.0000000519094899544441354
-0.0000000471345571032353492
-0.0000000421004696006487054
-0.0000000368184372680165401
-0.0000000312992535755367382
-0.0000000255535177971337234
-0.0000000195917130966578997
-0.0000000134241920608327333
-0.0000000070608842125341402
-0.0000000005106209315185387
0.0000000062199762474243518
0.0000000131280719050640129
0.0000000202165079296419232
0.0000000274953119147388307
0.0000000349822237183311516
0.0000000427011850252883563
0.0000000506778962018020185
0.0000000589331962819097953
0.0000000674769151105683312
0.0000000763051949442062971
0.0000000854025975975789462
0.0000000947479083472336587
0.0000001043213380066098813
0.0000001141076688497951401
0.0000001240954686281179743
0.0000001342761021088937386
0.0000001446414840153927989
0.0000001551814001023051557
0.0000001658832824538259010
0.0000001763602390173079725
0.0000001870893447898619216
0.0000001980793626291856017
0.0000002093392731898270487
0.0000002208776312744826800
0.0000002327014611900217750
0.0000002448144618496214956
0.0000002572142342630909395
0.0000002698882472947615203
0.0000002828084242971289701
0.0000002959248086501600336
0.0000003091600839315189585
0.0000003224090508750586020
0.0000003355501009094678541
0.0000003484773019203514947
0.0000003610456227582441689
0.0000003734632740285017869
0.0000003857426059404895715
0.0000003979044207962786559
0.0000004099684244656103168
0.0000004219476818954732743
0.0000004345347816644590116
0.0000004472034866542058178
0.0000004599594967164042893
0.0000004728059789242315085
0.0000004857397677844311863
0.0000004987449762307258216
0.0000005117851064739974011
0.0000005236330508455591998
0.0000005353587086861607666
0.0000005469933664872626751
0.0000005585760523188867174
0.0000005701489752965058362
0.0000005817543356406309565
0.0000005934319573671449413
0.0000006052175215626734747
0.0000006171415180524751007
0.0000006292288991382678121
0.0000006414993408659827237
0.0000006539679349950902255
0.0000006666461700537436918
0.0000006795430235979307381
0.0000006926659374770510204
0.0000007060212160582992484
0.0000007196137827668237753
0.0000007334470629755391509
0.0000007475238008422978012
0.0000007618468669249735537
0.0000007764196819122402114
0.0000007912461464185998083
0.0000008063300790590020553
0.0000008216742746436673950
0.0000008372793013351081470
0.0000008531422020369787275
0.0000008692552311606306943
0.0000008856047645610687602
0.0000009021705205157158162
0.0000009189252291929757460
0.0000009358347805605385165
0.0000009528588902915653311
0.0000009699520030365499877
0.0000009870642039662196932
0.0000010041423577163796676
0.0000010211314931171392056
0.0000010379764826989079328
0.0000010546239563441479051
0.0000010710240311625382398
0.0000010871316778103837007
0.0000011029079272142488496
0.0000011183210906012962033
0.0000011333471145797538520
0.0000011479690807457186216
0.0000011621768787276837274
0.0000011759667277273316806
0.0000011893404890276617748
0.0000012023048482557325044
0.0000012148704318137504822
0.0000012270508985812365969
0.0000012388620380380621121
0.0000012503208972932121146
0.0000012614449599442971458
0.0000012722513864738960069
0.0000012827562961716420057
0.0000012929741122882720503
0.0000013029170105961143949
0.0000013125944885447371099
0.0000013220130700707988087
0.0000013311761727478811994
0.0000013400841715141354026
0.0000013487347097486146174
0.0000013571233026162557825
0.0000013652443152235745552
0.0000013730924177849136172
0.0000013806645597221898700
0.0000013879624369651453303
0.0000013949953528920960117
0.0000014017832873965523529
0.0000014083596241195282128
0.0000014147725084974135346
0.0000014210841845137325241
0.0000014273686000306876921
0.0000014337072617028845713
0.0000014401840366813534074
0.0000014468792069458410625
0.0000014538632494153021103
0.0000014611916193070374461
0.0000014689015431825553101
0.0000014770112710561014476
0.0000014855214239463709636
0.0000014944183088066463772
0.0000015036788538269501638
0.0000015132761651714862874
0.0000015231847843766837583
0.0000015333842513056015980
0.0000015438594975305851278
0.0000015545999605321401621
0.0000015655983830811125640
0.0000015768487464966117034
0.0000015883436623389153422
0.0000016000722124317686234
0.0000016120183145977364635
0.0000016241599928469505506
0.0000016364713146725854967
0.0000016489300434977998135
0.0000016615194919549682096
0.0000016742232593031179226
0.0000016870232139433134187
0.0000016998993870754990324
0.0000017128302474861057116
0.0000017257929653169267535
0.0000017387636346999407928
0.0000017517175244246274995
0.0000017646293736972463357
0.0000017774737728335687948
0.0000017902256267185933437
0.0000018028606837485324663
0.0000018153561362791722493
0.0000018276912788829850557
0.0000018398481639148003021
0.0000018518121775726781476
0.0000018635724503201907865
0.0000018751220619322928850
0.0000018864579849292551883
0.0000018975807616032528780
0.0000019084939102396825384
0.0000019192030675201616506
0.0000019297149131123302476
0.0000019400359305939184918
0.0000019501711480432850055
0.0000019601231021476601116
0.0000019698915376792866312
0.0000019794740598213647617
0.0000019888673485962331184
0.0000019980683030117922694
0.0000020070743654066489676
0.0000020158836111047915205
0.0000020244948264334880912
0.0000020329075715819921959
0.0000020411222498334960452
0.0000020491402805949322259
0.0000020569643655789052724
0.0000020645986851841372262
0.0000020720489953350131602
0.0000020793226333514818099
0.0000020864284409905121575
0.0000020933766099851148848
0.0000021001784597758153948
0.0000021068461649351290895
0.0000021133924388388195368
0.0000021198301899560911337
0.0000021261721626125730568
0.0000021324305601585527198
0.0000021386167124520494198
0.0000021447408822615852111
0.0000021508121260902377650
0.0000021568381013799297224
0.0000021628248856341039247
0.0000021687768214992263740
0.0000021746964549759231576
0.0000021805845919797431441
0.0000021864404112900123200
0.0000021922616014434930066
0.0000021980445081087357917
0.0000022037842783884636149
0.0000022094749937357264698
0.0000022151097830320396509
0.0000022206809166111321450
0.0000022261798786461768987
0.0000022315974214846881474
0.0000022369236019116027802
0.0000022421477960099528973
0.0000022472586849429498049
0.0000022522441927185304416
0.0000022570914076957505520
0.0000022617866717926561055
0.0000022663159160978563821
0.0000022706652290036516593
0.0000022748215035276053714
0.0000022787729054185557913
0.0000022825091542851334423
0.0000022860216741015497900
0.0000022893036407525315072
0.0000022923499523206341519
0.0000022951571306320663460
0.0000022977231121986063794
0.0000023000469814436505124
0.0000023021286886555203202
0.0000023039687793264268257
0.0000023055681601555530617
0.0000023069278891948003630
0.0000023080489807379634563
0.0000023089322430672597100
0.0000023095781325342551911
0.0000023099866847775354712
0.0000023101575500566850211
0.0000023100901984887553070
0.0000023097842307876606683
0.0000023092397037285296284
0.0000023084574735824755515
0.0000023074394287631017336
0.0000023061886281053906772
0.0000023047093554435203066
0.0000023030070749571648599
0.0000023010883149600165997
0.0000022989604872470293837
0.0000022966316842991139221
0.0000022941104602609823069
0.0000022914056590586101056
0.0000022885262855614038448
0.0000022854814255178325690
0.0000022822802004175638538
0.0000022789317443291538923
0.0000022754451917907382733
0.0000022718296670653229077
0.0000022680942677566100588
0.0000022642480349220265226
0.0000022602999063665446804
0.0000022562586481688630336
0.0000022521327633272930556
0.0000022479303763168709759
0.0000022436590993547646909
0.0000022393258830430761481
0.0000022349368538439994506
0.0000022304971456495588504
0.0000022260107369677956343
0.0000022214803026906788653
0.0000022169070917863797760
0.0000022122908353541841575
0.0000022076296901152733123
0.0000022029202304240861257
0.0000021981573991268996430
0.0000021933343878565711130
0.0000021884426585720267944
0.0000021834721311863325884
0.0000021784115112635510307
0.0000021732487148786858294
0.0000021679713563390940751
0.0000021625672614373874704
0.0000021570249693546146848
0.0000021513341971388074307
0.0000021454862536595651173
0.0000021394743820497928784
0.0000021332940263152022475
0.0000021269429973331904998
0.0000021204215158092199880
0.0000021137320798134906408
0.0000021068792103609574491
0.0000020998692684911278221
0.0000020927105063753936589
0.0000020854131862289180131
0.0000020779896295466651300
0.0000020704541868809891799
0.0000020628231419556746142
0.0000020551145578831815580
0.0000020473480731009278639
0.0000020395446592956746615
0.0000020317263550210622768
0.0000020239159927420235201
0.0000020161369546286209108
0.0000020084129445419198822
0.0000020007677344346664190
0.0000019932248839877314545
0.0000019858074211142150151
0.0000019785375110577282645
0.0000019714361715563256383
0.0000019645230110708341179
0.0000019578159698412794030
0.0000019513310779871095713
0.0000019450822484845615022
0.0000019390811168772109262
0.0000019333369451985469134
0.0000019278565808506822177
0.0000019226444548465464592
0.0000019177026588329116176
0.0000019130311203127800030
0.0000019086278844865638481
0.0000019044894949721290661
0.0000019006114790889745528
0.0000018969889394655424476
0.0000018936171010624964773
0.0000018904916703398842579
0.0000018876087990244794480
0.0000018849647114257767300
0.0000018825551969879937165
0.0000018803751970053451497
0.0000018784186267052791249
0.0000018766782951716271950
0.0000018751458814305999386
0.0000018738119969577289926
0.0000018726663803899725895
0.0000018716981582852219336
0.0000018708958762892484370
0.0000018702471773872550313
0.0000018697381530217504124
0.0000018693525418718943697
0.0000018690710538285578370
0.0000018688711023333305521
0.0000018687271699901510018
0.0000018686117533544879019
0.0000018684968092710835256
0.0000018683553454238206488
0.0000018681629565603303438
0.0000018678991252993277251
0.0000018675481905500142957
0.0000018670999523284691277
0.0000018665499559953519009
0.0000018658994272469710227
0.0000018651548942134897978
0.0000018643275452729239224
0.0000018634324272787293404
0.0000018624875746547691584
0.0000018615131666376713844
0.0000018605307515162571275
0.0000018595625273494225492
0.0000018586307855173283930
0.0000018577575762321307310
0.0000018569646156612280499
0.0000018562733687132503135
0.0000018557052439017048352
0.0000018552818079614743157
0.0000018550248032712581748
0.0000018549559227704565222
0.0000018551126104296022313
0.0000018558625404340683325
0.0000018571904524742006696
0.0000018590674396927834410
0.0000018614605551339428505
0.0000018643383360933030376
0.0000018676731558669730070
0.0000018714418204025992784
0.0000018756253609497538743
0.0000018802085334567340867
0.0000018851792672387246275
0.0000018905281565459178264
0.0000018962480260758237315
0.0000019023335687267779733
0.0000019087810442250520998
0.0000019155880289057972437
0.0000019227532057737807054
0.0000019302761868790929117
0.0000019381573613541586049
0.0000019463977647558706563
0.0000019549989659332823688
0.0000019627677347846804478
0.0000019709373753099503185
0.0000019795379578943763750
0.0000019886078950250504218
0.0000019981907887503003297
0.0000020083284591859054212
0.0000020190506301404881696
0.0000020303584883822725850
0.0000020421856306704450815
0.0000020543529408654763948
0.0000020665697413212678134
0.0000020782655033634825702
0.0000020880261104679694122
0.0000020961617921372399175
0.0000021032211866370899254
0.0000021096552251637047831
0.0000021157541183843169920
0.0000021235701758379021462
0.0000021314045879879401113
0.0000021392947745989678017
0.0000021472704632750581426
0.0000021553546472360088522
0.0000021635645280152800440
0.0000021719122964313841805
0.0000021804057671897664804
0.0000021890488850013517682
0.0000021978421831234361757
0.0000022067832369397770769
0.0000022158671425815032170
0.0000022250870477830826047
0.0000022344347593645266996
0.0000022439014295526460290
0.0000022534783042234462011
0.0000022631574742732925264
0.0000022729325327425244718
0.0000022827990359658038807
0.0000022927546588452558148
0.0000023027988724630559036
0.0000023129320263279972462
0.0000023231537376655788468
0.0000023334605455389087283
0.0000023438428706244354260
0.0000023542814258344446775
0.0000023647434728571809640
0.0000023751794451852520505
0.0000023855204858397238487
0.0000023956773687268582987
0.0000024055410963389856406
0.0000024149852385734220206
0.0000024238698633932170906
0.0000024320467645689723434
0.0000024393656939275483575
0.0000024456815120541605561
0.0000024508624357997946703
0.0000024547997285467682949
0.0000024512709628408708369
0.0000024468229828826474599
0.0000024417430711898060234
0.0000024362534797459427296
0.0000024305048275518162357
0.0000024245940868772677684
0.0000024185830462266953787
0.0000024125115319090541718
0.0000024064057531918995089
0.0000024002833033407632749
0.0000023941561112892499132
0.0000023880321987428262515
0.0000023819167553174958128
0.0000023758128255618246927
0.0000023697217726874343004
0.0000023636436106339848122
0.0000023575772553873696209
0.0000023515207240650547327
0.0000023458948286456603286
0.0000023396973918322358959
0.0000023328670520118843529
0.0000023253184499184580524
0.0000023164666738363614881
0.0000023057254076398145448
0.0000022930695769207678824
0.0000022787790403872129453
0.0000022633109928223712198
0.0000022471833463483115918
0.0000022308870105841971349
0.0000022148335470692214283
0.0000021993341762289065731
0.0000021865359533412738367
0.0000021739861147890019648
0.0000021617706908628487224
0.0000021499452994920364083
0.0000021385256348343024296
0.0000021274935182192252068
0.0000021168131594927501791
0.0000021064502162198032583
0.0000020947144583833935482
0.0000020829435810126940682
0.0000020714861558663646256
0.0000020607457734345922163
0.0000020510209561943891169
0.0000020424592970147548680
0.0000020350790405945434315
0.0000020288135060932384546
0.0000020235524268453524309
0.0000020191711973614273659
0.0000020155481701669100109
0.0000020125732219192735941
0.0000020101508973696594803
0.0000020077381072839802027
0.0000020055847396681829215
0.0000020036601823132884316
0.0000020019376242937632571
0.0000020003944362298606864
0.0000019990121094671056677
0.0000019977756711744054661
0.0000019966727850968291429
0.0000019956926937830822510
0.0000019948250959611765903
0.0000019940590474588151826
0.0000019933818397716285129
0.0000019927781362910363872
0.0000019922296291110773301
0.0000019917155429677315144
0.0000019937607701165649365
0.0000019961167759088161764
0.0000019986372846515338814
0.0000020012016990361644111
0.0000020037244902968605704
0.0000020061528989254084608
0.0000020084597162253470824
0.0000020106354284009413997
0.0000020126816519966696296
0.0000020146063386852696284
0.0000020164205643960610991
0.0000020163247107286640415
0.0000020162562485010426186
0.0000020162472554028627007
0.0000020163383115922757471
0.0000020165796447519214719
0.0000020170313956483736327
0.0000020177628160648168485
0.0000020188502706080058369
0.0000020203739565886719460
0.0000020224133773099154159
0.0000020250418152476587220
0.0000020283204494622856823
0.0000020322932234625071874
0.0000020369833306023031349
0.0000020423921032056464361
0.0000020485003763200887153
0.0000020552718676412561954
0.0000020626578647246436772
0.0000020706022929832680077
0.0000020790463001816959229
0.0000020879317917002922923
0.0000020972036253197781580
0.0000021068104299924421650
0.0000021167041426744169352
0.0000021268385242520012993
0.0000021371670134447254735
0.0000021476405108749225425
0.0000021582058402215973167
0.0000021724475526617714512
0.0000021860525801626790889
0.0000021987845767830768533
0.0000022081104547752287963
0.0000022172011513251452116
0.0000022260454147756053507
0.0000022331983914201218294
0.0000022407354171533765281
0.0000022486734254494202380
0.0000022570267490453307623
0.0000022658057458054715369
0.0000022750149986520516930
0.0000022846509959893998325
0.0000022946993643121249142
0.0000023051314966939017477
0.0000023159004373173886739
0.0000023269361636785764190
0.0000023381405465014655474
0.0000023493824572388151198
0.0000023604938518429700772
0.0000023712681127561594520
0.0000023814624191024691009
0.0000023908063066155988227
0.0000023990186387805297241
0.0000024058346344002954545
0.0000024110431356246031134
0.0000024145320105933705028
0.0000024150994603308448422
0.0000024148495950252163440
0.0000024138493992085333930
0.0000024121643284731769018
0.0000024098551664690205610
0.0000024069768809010901488
0.0000024035775789356477697
0.0000023996960709984032530
0.0000023953568607321237909
0.0000023905695502055752209
0.0000023853345881471947971
0.0000023811396573232639029
0.0000023766566641241182491
0.0000023718827330375274194
0.0000023668148798360153972
0.0000023614502322395748590
0.0000023557863357215869907
0.0000023498215316145179585
0.0000023419391406354907793
0.0000023336014010770832654
0.0000023248060958053542076
0.0000023155520196836678439
0.0000023058388565382419371
0.0000022956669881454275051
0.0000022850372404530471383
0.0000022739505722778297851
0.0000022624077379346014804
0.0000022504089603546556383
0.0000022379536691841525533
0.0000022250403759357921613
0.0000022116667762511246313
0.0000021978301832889443883
0.0000021835283960836009045
0.0000021687610789189451366
0.0000021535316539843401134
0.0000021378495781714366629
0.0000021217326915335550021
0.0000021052091324607794288
0.0000020883181976689462016
0.0000020711094880299414142
0.0000020536398281786546766
0.0000020359685058415188315
0.0000020181517559363254825
0.0000020002376270290300865
0.0000019822622441767998147
0.0000019642480562992686173
0.0000019462041071994786603
0.0000019281279345047885613
0.0000019100084614410144976
0.0000018918292393904024742
0.0000018735715718950788220
0.0000018552172027333136656
0.0000018367503519330310730
0.0000018181588916569313017
0.0000017994343973631863688
0.0000017805709249693859354
0.0000017634800681116756239
0.0000017461392316270847559
0.0000017285401907697940705
0.0000017106747548271428052
0.0000016925352470467659107
0.0000016741152277738389862
0.0000016554105418151903073
0.0000016364207736134269612
0.0000016171511694034383555
0.0000015976150049741873798
0.0000015778361960994558203
0.0000015578516098348840101
0.0000015377119940989480630
0.0000015174797216372882140
0.0000014972208055254960817
0.0000014769882016316181536
0.0000014567934507397332802
0.0000014359268543133076312
0.0000014149916292144730038
0.0000013939634111397202635
0.0000013728270196281307066
0.0000013522027387274862418
0.0000013313192590677172646
0.0000013101769209541589982
0.0000012887953733131060437
0.0000012672243052688724907
0.0000012455548815549998135
0.0000012239266732527333796
0.0000012025205682946406156
0.0000011815261801780413815
0.0000011610786924683909935
0.0000011406190924645833249
0.0000011202632366647763781
0.0000010999830533360754534
0.0000010797562177575270985
0.0000010595695795934442655
0.0000010394186854681964760
0.0000010193059283255702809
0.0000009992380215337023979
0.0000009806030875261392342
0.0000009620789082056612993
0.0000009436596686770639089
0.0000009253370398988851861
0.0000009070990752982632725
0.0000008889287406236146023
0.0000008708021572490302060
0.0000008526870979448671571
0.0000008345435339764659989
0.0000008163308565926600988
0.0000007980305734808397133
0.0000007796916497080659842
0.0000007601588611527574121
0.0000007406408934858973302
0.0000007212077547470371504
0.0000007019329447637463928
0.0000006828838822013012289
0.0000006641155343717851469
0.0000006456689214578477124
0.0000006275732638541294210
0.0000006098500394531365878
0.0000005925172998560855164
0.0000005755930415001898970
0.0000005590972709070615571
0.0000005430520570994030018
0.0000005274801964330711959
0.0000005124030721404401627
0.0000004989801133684002233
0.0000004858191292914552580
0.0000004729013205333652417
0.0000004602024502539378289
0.0000004476916181612188516
0.0000004353301170971117670
0.0000004230710006531089531
0.0000004108608250212993211
0.0000003986464466022869709
0.0000003863910899694967994
0.0000003741009566419109705
0.0000003628108733239030114
0.0000003521264135481537474
0.0000003420708400453170782
0.0000003326608563879755507
0.0000003239086593940841957
0.0000003158257260959542189
0.0000003084267655042599762
0.0000003017325467226489782
0.0000002957709761596477120
0.0000002905762110218145049
0.0000002861856235137287662
0.0000002826346219116435262
0.0000002799499629826237943
0.0000002781433934581579514
0.0000002772071728505439953
0.0000002771130506029876912
0.0000002778149027375897972
0.0000002792542926594277168
0.0000002813675994483768475
0.0000002840930856249986313
0.0000002873765248235464841
0.0000002911746353509729832
0.0000002954561599088461459
0.0000003002010533046891956
0.0000003053983632825936031
0.0000003110426656176410632
0.0000003171295778864687191
0.0000003236511577588667481
0.0000003299329730794859706
0.0000003370911971704818025
0.0000003450774637025330164
0.0000003536891754081282782
0.0000003625613039476856081
0.0000003716428387210210561
0.0000003808830483176984992
0.0000003902301629681932014
0.0000003996320874544207215
0.0000004090371744065853780
0.0000004183949075989528678
0.0000004276564904206588810
0.0000004367753503994262123
0.0000004457075385582132425
0.0000004544120790690511068
0.0000004628513231324967849
0.0000004709913036558705011
0.0000004788020154761345604
0.0000004862576621796853909
0.0000004933368781210408492
0.0000005000228721911903072
0.0000005063034659820334787
0.0000005121710924072107754
0.0000005176227637355307108
0.0000005226601015345574029
0.0000005272893709057000338
0.0000005315213780327190366
0.0000005353711442037054182
0.0000005388572757871894978
0.0000005420010903297183672
0.0000005448255747613664446
0.0000005473543316918725803
0.0000005496107157289928799
0.0000005516172036210216645
0.0000005533950660280398224
0.0000005549409423246038247
0.0000005564534066287921062
0.0000005579970415391114373
0.0000005596086123216487053
0.0000005613002386110266387
0.0000005630696361752931792
0.0000005649079527463370647
0.0000005668042697230984158
0.0000005687478145462966178
0.0000005707288931513088674
0.0000005727391819277618301
0.0000005747717274356814771
0.0000005768208287902378914
0.0000005788818865666829536
0.0000005809512578174981040
0.0000005830261248778553865
0.0000005851043805290321337
0.0000005871845228282500312
0.0000005892655521700132703
0.0000005913468778008431405
0.0000005934282297311207454
0.0000005955095843116459635
0.0000005975911058261688626
0.0000005996731035086013589
0.0000006017560047571274606
0.0000006038403373987654736
0.0000006059267193330969074
0.0000006080158506874448940
0.0000006101085070674585897
0.0000006122055336110283886
0.0000006143078397253135144
0.0000006164163944189612417
0.0000006185322222162611507
0.0000006206563996011253734
0.0000006227900520199657414
0.0000006249343515159704694
0.0000006270905150504461070
0.0000006292598034168173278
0.0000006314435204830391782
0.0000006336430117485824319
0.0000006358596612298744901
0.0000006380948870486761886
0.0000006403501353258401282
0.0000006426268743723238874
0.0000006449265899356829456
0.0000006472507806695698033
0.0000006496009533006890294
0.0000006519786158334615711
0.0000006543852671788193046
0.0000006568223812816714719
0.0000006592913842253061721
0.0000006617936266752270541
0.0000006643303491308630061
