17.0000000000000000000000000
0.0000004357969059418136253
0.0000003424926455993619472
0.0000002508548283642446451
0.0000001608841117214119316
0.0000000725813620403195189
-0.0000000140523381835493407
-0.0000000990157532987197168
-0.0000001823075714714582201
-0.0000002639264830645500074
-0.0000003438712546445120985
-0.0000004221407914489842174
-0.0000004987341895122285851
-0.0000005736507782175243820
-0.0000006468901575276218833
-0.0000007184522079487563532
-0.0000007883370668515155794
-0.0000008565450843713076242
-0.0000009230767856385331026
-0.0000009879328434561593458
-0.0000010511140632399257500
-0.0000011126213771406513944
-0.0000011724558450110823877
-0.0000012306186606865852670
-0.0000012871111647274136603
-0.0000013419348679754236332
-0.0000013950914895769610800
-0.0000014465830088306041408
-0.0000014964116799166034621
-0.0000015445799225268553529
-0.0000015910902294463845886
-0.0000016359452316210804961
-0.0000016791477232363784636
-0.0000017207006650005972371
-0.0000017606071873366130643
-0.0000017988705934055631810
-0.0000018354943618638671156
-0.0000018704821492266235240
-0.0000019038377916742355399
-0.0000019355653060930007032
-0.0000019656688900807312350
-0.0000019941529205713260560
-0.0000020210219506312779928
-0.0000020462807038483138590
-0.0000020699340655559539750
-0.0000020919870699013159431
-0.0000021124448814434344064
-0.0000021313127695316248543
-0.0000021485960731081903585
-0.0000021643001527336735682
-0.0000021784303194864986125
-0.0000021909916756001167501
-0.0000022019887550602107248
-0.0000022114251267434590273
-0.0000022193030739969807587
-0.0000022256232730889375674
-0.0000022303843199106491861
-0.0000022335820527588604163
-0.0000022352085827344091238
-0.0000022352509142330581917
-0.0000022336889540380845631
-0.0000022304925734378577205
-0.0000022256172605055298633
-0.0000022189976577196791369
-0.0000022105378384735753656
-0.0000022000965426482820297
-0.0000021874648290396352346
-0.0000021723333179251433471
-0.0000021542487167213939908
-0.0000021325706884891036095
-0.0000021064746112634119862
-0.0000020751092089526175001
-0.0000020380163910231668462
-0.0000019925199347129883715
-0.0000019433579645631526926
-0.0000018909140435638410184
-0.0000018356897034516986129
-0.0000017782298630133456277
-0.0000017190494586224529844
-0.0000016585847352763856762
-0.0000015971813343469340881
-0.0000015351183992467189529
-0.0000014726565767764576592
-0.0000014100844881351630714
-0.0000013477451656906578195
-0.0000012860286892246585926
-0.0000012253407019392236834
-0.0000011660684035378820042
-0.0000011085478459761826828
-0.0000010530375748838994731
-0.0000009997007649718412970
-0.0000009485968614240828799
-0.0000008996825562542009147
-0.0000008528219616776216486
-0.0000008078069252865759633
-0.0000007643889702448582199
-0.0000007223294554056791957
-0.0000006814685734990463870
-0.0000006403163775049387256
-0.0000006011199039949201792
-0.0000005638465154565202330
-0.0000005284305742484340673
-0.0000004947865508913440243
-0.0000004628247424739225116
-0.0000004324612827840325302
-0.0000004036227415084197747
-0.0000003762473071628094429
-0.0000003502842005794671235
-0.0000003256923456483650585
-0.0000003024388516252744423
-0.0000002804975691744440794
-0.0000002598478228861115812
-0.0000002404733470524116461
-0.0000002191965747341673858
-0.0000001985968578576201433
-0.0000001786782033112734664
-0.0000001594545470937411018
-0.0000001409568358896745378
-0.0000001232446857594749778
-0.0000001064245713853439750
-0.0000000906754833437673040
-0.0000000762778601278988763
-0.0000000636268317316722350
-0.0000000554900761137885006
-0.0000000490388274028994942
-0.0000000443791049951264903
-0.0000000436536892707104314
-0.0000000450571709806273136
-0.0000000485483056087313319
-0.0000000539164046255430969
-0.0000000608714861501190858
-0.0000000691145518055202923
-0.0000000783823058425279112
-0.0000000884680357495110427
-0.0000000992250925394106247
-0.0000001105603103748686632
-0.0000001224232332211875750
-0.0000001347948638514991829
-0.0000001476778089547624081
-0.0000001610884711903964704
-0.0000001750512705229455920
-0.0000001895945872676885192
-0.0000002047480437208197957
-0.0000002215859781889582632
-0.0000002395629033717775354
-0.0000002569773563242846115
-0.0000002750105214660005323
-0.0000002935146729865477898
-0.0000003123148191599119652
-0.0000003312609204128007840
-0.0000003502545260103793926
-0.0000003692540334795302524
-0.0000003882662055731364990
-0.0000004110068887276874473
-0.0000004343702253415078158
-0.0000004582864092065035684
-0.0000004826548855635089799
-0.0000005073496657556707585
-0.0000005322313600983171312
-0.0000005571647631643133940
-0.0000005820385760426408681
-0.0000006067818126429387106
-0.0000006313711065497346631
-0.0000006558258892222230444
-0.0000006801937328984298377
-0.0000007045327170931871557
-0.0000007288983981371645261
-0.0000007533401168082438065
-0.0000007779011914518180447
-0.0000008026183599898708126
-0.0000008275235456244553299
-0.0000008526510525159949018
-0.0000008780429423782868442
-0.0000009037519300844043344
-0.0000009298429346941838095
-0.0000009563927854998405420
-0.0000009834876840902685034
-0.0000010112177403836870050
-0.0000010396687660718772723
-0.0000010689145445890344142
-0.0000010990141905034869696
-0.0000011300144137550920330
-0.0000011619539632141748497
-0.0000012013749389390611541
-0.0000012423763050382851232
-0.0000012848808162138138240
-0.0000013287171230084112971
-0.0000013736217343014957968
-0.0000014193100270220946033
-0.0000014582205509405308534
-0.0000014980927647518634064
-0.0000015390101939754368160
-0.0000015810606214728673398
-0.0000016243223389562305157
-0.0000016688572999846624857
-0.0000017147083986527196108
-0.0000017618988657211285205
-0.0000018104320026363793496
-0.0000018602890588535912203
-0.0000019114279092061711502
-0.0000019637794591758498324
-0.0000020172430153276927030
-0.0000020716826954839459365
-0.0000021269253018204815370
-0.0000021827600901290394884
-0.0000022389411685974357483
-0.0000022951928927475075380
-0.0000023512180824435638217
-0.0000024067084458838765575
-0.0000024613562863206298029
-0.0000025148664076562608606
-0.0000025669672445413069112
-0.0000026174201374096312894
-0.0000026660259953346363883
-0.0000027126290581827183829
-0.0000027571178605047416667
-0.0000027994237169287024775
-0.0000028395172759044174903
-0.0000028774037547780815366
-0.0000029131175042730894314
-0.0000029467162150818836740
-0.0000029782750398143829123
-0.0000030078810734521981602
-0.0000030356285151761066119
-0.0000030616145954341320689
-0.0000030859361142987251171
-0.0000031086868969286546192
-0.0000031299566378726432335
-0.0000031498299294453584253
-0.0000031683839596916730899
-0.0000031856856023695658959
-0.0000032017880186122234920
-0.0000032167300950374130809
-0.0000032305397783258623730
-0.0000032432387285439281506
-0.0000032548470957682250045
-0.0000032653884838346607031
-0.0000032748952344986547010
-0.0000032834112787666171430
-0.0000032909931942722092868
-0.0000032977125390725543597
-0.0000033036591327683776846
-0.0000033086327614111981907
-0.0000033124162980345007922
-0.0000033152627891779817997
-0.0000033174191940306106628
-0.0000033207158956183187892
-0.0000033221343101403784269
-0.0000033231604446749551161
-0.0000033238313246081192217
-0.0000033241835877697320259
-0.0000033242452887754644188
-0.0000033240343314684858577
-0.0000033235596110271427028
-0.0000033228231467068177354
-0.0000033218222122647374009
-0.0000033205511072650313256
-0.0000033190025021275100944
-0.0000033171683956820165279
-0.0000033150407601768131196
-0.0000033126119510930936833
-0.0000033114396678424769368
-0.0000033097197614326011665
-0.0000033073979661042387495
-0.0000033030993684891479890
-0.0000032982692927170487858
-0.0000032940716121312099362
-0.0000032891533065548667364
-0.0000032835113029580265667
-0.0000032771516288838348509
-0.0000032700842490433775877
-0.0000032623168781859280826
-0.0000032538490954317674043
-0.0000032446680489085480429
-0.0000032347467483639614679
-0.0000032240453907591508179
-0.0000032125158990601439146
-0.0000032001092947409845411
-0.0000031867852822670820897
-0.0000031725229754805435236
-0.0000031590824626514158493
-0.0000031446554243203336927
-0.0000031292263959483869728
-0.0000031128010979797512937
-0.0000030954170747388066347
-0.0000030771563869543438955
-0.0000030581589386076801983
-0.0000030386333831310953774
-0.0000030188605134809455484
-0.0000029991823369929592507
-0.0000029799701302133740749
-0.0000029615683342414190617
-0.0000029442185858590050019
-0.0000029279766361393548305
-0.0000029126378143426591569
-0.0000028965495039554224897
-0.0000028806540838427454694
-0.0000028650131444444372608
-0.0000028506060131770785604
-0.0000028362642755591708750
-0.0000028219984283179952855
-0.0000028078205315857707957
-0.0000027937443914887340084
-0.0000027797857343286087302
-0.0000027659623554565272464
-0.0000027522942096703371684
-0.0000027388033905189217672
-0.0000027255139217268910522
-0.0000027124512449015204910
-0.0000026996412291066269529
-0.0000026871084436283992334
-0.0000026748733071247953244
-0.0000026629475280129735657
-0.0000026513268992172345027
-0.0000026399798412985830960
-0.0000026298062796989840984
-0.0000026199012758014191316
-0.0000026091838737626737485
-0.0000025985941271142676756
-0.0000025881480221391863293
-0.0000025778802884382857488
-0.0000025678552177869580687
-0.0000025581787744583970798
-0.0000025490050566433941483
-0.0000025405202686529661651
-0.0000025333076780745084712
-0.0000025262391538210723331
-0.0000025191485923257881712
-0.0000025125218317470239521
-0.0000025064016743465162898
-0.0000025008253133910857781
-0.0000024958238560833552709
-0.0000024914223535878786281
-0.0000024876403917616306341
-0.0000024844930983942089712
-0.0000024819919513012437096
-0.0000024801463758090947282
-0.0000024789657783312932797
-0.0000024784615577102801758
-0.0000024786491829434729165
-0.0000024795502028334778093
-0.0000024811939090727850022
-0.0000024836181765819320713
-0.0000024868690222340567294
-0.0000024909984005845277731
-0.0000024960598519252054730
-0.0000025021014949870176998
-0.0000025091560310725270956
-0.0000025172281990721775043
-0.0000025262810561318450784
-0.0000025362235624453352873
-0.0000025469028125647030542
-0.0000025581040870792405867
-0.0000025695605207300529014
-0.0000025809717713050133097
-0.0000025920288302835799549
-0.0000026024401731555099496
-0.0000026119535398801433187
-0.0000026203699913328877847
-0.0000026275494347314830468
-0.0000026334091220278228210
-0.0000026379173176636344402
-0.0000026410852834515927399
-0.0000026429597135142284231
-0.0000026436154575947056856
-0.0000026431483816735637801
-0.0000026416672971474200547
-0.0000026392875091305885332
-0.0000026361260511796825846
-0.0000026322980027111069608
-0.0000026279140451074333050
-0.0000026230794655980466316
-0.0000026178958759062010854
-0.0000026124658936900724724
-0.0000026068999549385290448
-0.0000026013218074308924296
-0.0000025958691755537470368
-0.0000025906875190627585432
-0.0000025859180344242801523
-0.0000025816831244301936047
-0.0000025780728904002184662
-0.0000025751353760518271114
-0.0000025728721840182555361
-0.0000025712396468612415812
-0.0000025701548523033785022
-0.0000025695050690870485081
-0.0000025691590377729093706
-0.0000025689786543930344644
-0.0000025688301679052200125
-0.0000025685942917156386568
-0.0000025681749666215666089
-0.0000025675065680588282225
-0.0000025665594276624090011
-0.0000025653427707298600842
-0.0000025639034502483514866
-0.0000025623187049729457660
-0.0000025606811054086144797
-0.0000025590745146641600902
-0.0000025575422565803192607
-0.0000025560507747912172052
-0.0000025544594381374453809
-0.0000025525111216171618847
-0.0000025498528261404813804
-0.0000025460837031492657655
-0.0000025408195545523538712
-0.0000025337579742605841884
-0.0000025247117448205093616
-0.0000025135911973630257200
-0.0000025003533804187863220
-0.0000024849483233265737431
-0.0000024706721186933881464
-0.0000024548388430543754545
-0.0000024371906504577915594
-0.0000024177048304460802680
-0.0000023931018306595676975
-0.0000023706853882179991296
-0.0000023471501040135974238
-0.0000023225069192909011872
-0.0000022967675791168278642
-0.0000022699439328697391266
-0.0000022420468910173695097
-0.0000022130849557036846809
-0.0000021830622746330940822
-0.0000021519762939113055724
-0.0000021198154200695990511
-0.0000020865579379069290278
-0.0000020521753942499889806
-0.0000020166481545803800631
-0.0000019800112663522332444
-0.0000019329860692456617171
-0.0000018839414082361470080
-0.0000018328752100805713889
-0.0000017907352949678422738
-0.0000017472272997498365570
-0.0000016897266127173001858
-0.0000016292442300162538621
-0.0000015655364901896190200
-0.0000014984428427170278975
-0.0000014279653066516839228
-0.0000013543347470426079205
-0.0000012780336663354801312
-0.0000011997549844340413943
-0.0000011203015832249219937
-0.0000010404591952948838588
-0.0000009608854924700906622
-0.0000008820478314031687906
-0.0000008042169595362770641
-0.0000007275022646012146453
-0.0000006519034202797404386
-0.0000005773594264580124847
-0.0000005038047793092481519
-0.0000004312205835419634599
-0.0000003596462909427033165
-0.0000002891533384886036007
-0.0000002208478191942728548
-0.0000001516472425052103784
-0.0000000837288186132136808
-0.0000000171501280462865248
0.0000000480329093015143724
0.0000001117621753508710681
0.0000001739727918396007642
0.0000002345882578383643742
0.0000002935154918807036708
0.0000003506405504654036344
0.0000004058258487351705486
0.0000004589102909427914688
0.0000005097143878921396305
0.0000005580512589434724210
0.0000006037427741404425982
0.0000006466371738222412864
0.0000006796802911452128988
0.0000007175048864582984540
0.0000007524511811417971672
0.0000007844915549206358004
0.0000008136369215454982440
0.0000008399291682628178367
0.0000008634279247523710164
0.0000008841944487967650558
0.0000009022765602399182893
0.0000009176998511961863905
0.0000009304656372759697882
0.0000009405553598902720725
0.0000009479403497982840824
0.0000009525953995710851037
0.0000009545162351746158960
0.0000009537375589937574220
0.0000009503460662585311379
0.0000009444851783117246819
0.0000009363493658978710868
0.0000009261683797567927938
0.0000009141838778088390994
0.0000009006233141313834705
0.0000008856842533044306256
0.0000008695292588343152106
0.0000008522900751059642168
0.0000008340790796921236535
0.0000008150007442494816741
0.0000007951599761250204750
0.0000007746663139040578062
0.0000007536320434889749204
0.0000007321648151821813377
0.0000007103558353693445827
0.0000006882697187817189690
0.0000006659395992824721677
0.0000006433709491745272457
0.0000006205509588482038800
0.0000005974593615853621980
0.0000005740775338375637150
0.0000005503947735768724736
0.0000005264121821242712618
0.0000005021451094695433697
0.0000004776248198534695727
0.0000004528999334490158785
0.0000004280376800839246746
0.0000004031251018935197572
0.0000003782700617169429485
0.0000003536019886258829166
0.0000003292718754528266278
0.0000003054513722455231136
0.0000002823309053905607128
0.0000002601166433060454193
0.0000002390255420425197490
0.0000002192780694878514040
0.0000002010881974152486979
0.0000001846523951523528598
0.0000001701416280566403947
0.0000001576958208889881768
0.0000001474220818699189677
0.0000001393950420415347688
0.0000001336582672666253590
0.0000001302263714524891165
0.0000001290873851690466965
0.0000001302054145007042169
0.0000001335235356766753573
0.0000001389669103551731643
0.0000001464461044644881388
0.0000001558605589377914488
0.0000001671020730454276308
0.0000001800582273721674963
0.0000001946156428672616281
0.0000002106629844599680137
0.0000002280934565935276224
0.0000002468067898895151667
0.0000002667107016154489373
0.0000002877219021380977130
0.0000003097667987821889542
0.0000003327818372074311021
0.0000003567134549857705434
0.0000003815175491198234982
0.0000004071584454656788339
0.0000004336072541901713584
0.0000004608394701089606498
0.0000004888316385033316237
0.0000005175568663695814891
0.0000005469790915490458860
0.0000005770461265474712468
0.0000006076817139307042045
0.0000006387772864726819798
0.0000006701848150907031792
0.0000007017128671346731289
0.0000007331283236145967890
0.0000007641659598180664307
0.0000007945465981620262046
0.0000008240025666325866091
0.0000008523064844800624784
0.0000008792972822456424988
0.0000009048970279407345096
0.0000009291142695064124256
0.0000009520333828861820905
0.0000009737933482565251012
0.0000009945617018735413293
0.0000010145095483007747274
0.0000010337918944871254545
0.0000010525352213919689985
0.0000010708323428469283249
0.0000010887438805258462986
0.0000011063054064107690739
0.0000011235387344210819166
0.0000011404628756499462040
0.0000011569849201241117487
0.0000011731377200671960463
0.0000011890561559161182877
0.0000012047771043710299140
0.0000012203398319580200481
0.0000012357848223278700300
0.0000012511527071293320340
0.0000012664832091483095824
0.0000012818140105147945993
0.0000012971795898606642657
0.0000013126101563125322174
0.0000013281307676875871987
0.0000013437606396426769301
0.0000013595125213047443112
0.0000013753922243312859714
0.0000013913982718802424688
0.0000014075217846494641067
0.0000014237467914120385749
0.0000014400509703912798876
0.0000014564068064324599345
0.0000014727831853678160068
0.0000014891470884653298202
0.0000015054653348381535623
0.0000015217056287363706948
0.0000015378370934985399831
0.0000015538303727041699458
0.0000015696574088984030162
0.0000015852911118984043670
0.0000016007049246638038932
0.0000016158724143049256652
0.0000016307669683076325696
0.0000016453617546853836121
0.0000016596297905598002879
0.0000016735440750825444736
0.0000016870777330521422086
0.0000017002041588480126331
0.0000017128971615433876404
0.0000017251311374321449716
0.0000017368812604039536559
0.0000017481236806382543286
0.0000017588357271362379469
0.0000017689961105382043069
0.0000017785851241024723925
0.0000017875848382417975161
0.0000017959792889148797341
0.0000018037546452065761986
0.0000018108993513968291897
0.0000018174041954883172788
0.0000018232624942565390457
0.0000018284705894533092494
0.0000018330284230045921297
0.0000018369401772772344031
0.0000018402147243351322077
0.0000018428658859370030788
0.0000018449125780847589894
0.0000018463788676416665400
0.0000018472939137514341882
0.0000018476918085208374267
0.0000018476113535692989932
0.0000018470957942802193096
0.0000018461924932146269064
0.0000018449524760013784355
0.0000018434297553919099107
0.0000018416804093379302125
0.0000018397613952739886714
0.0000018377291630758077681
0.0000018356381677036005300
0.0000018335393539365272999
0.0000018314788463113043896
0.0000018294972003194756532
0.0000018276291978139321834
0.0000018259036300742108832
0.0000018243429183688897174
0.0000018229623839302354866
0.0000018217696384276309865
0.0000018207644383290826349
0.0000018199389068495770423
0.0000018192779880094817693
0.0000018187600990147852284
0.0000018183579066197303976
0.0000018180391224439727799
0.0000018177672050141726909
0.0000018175018942760108250
0.0000018171996791377478265
0.0000018168143159466481081
0.0000018162975464252885429
0.0000018155998528118488111
0.0000018146708336674525794
0.0000018134579947296538377
0.0000018119037916524369275
0.0000018099425586940181736
0.0000018074998598990031537
0.0000018044944350478244080
0.0000018008422739592801760
0.0000017964616922590741630
0.0000017912784832436986708
0.0000017852304043539734161
0.0000017782705136760020226
0.0000017703691593487866311
0.0000017615146020354328903
0.0000017517124248239187536
0.0000017409839652797240541
0.0000017293641398721217997
0.0000017168991167869698387
0.0000017036441059399116871
0.0000016896615531936487511
0.0000016750198010821579534
0.0000016597920580405006316
0.0000016440556775045399471
0.0000016278916350156730236
0.0000016113840607014077914
0.0000015946196689427685628
0.0000015776870103054202227
0.0000015606756323513641494
0.0000015436752157146795193
0.0000015267747288268694909
0.0000015100616087332927478
0.0000014936209957650293711
0.0000014775350563454269643
0.0000014618824042660806274
0.0000014467376790049117797
0.0000014321713437556013989
0.0000014182497452267155273
0.0000014050353391593256998
0.0000013925870092843161453
0.0000013809603038285050409
0.0000013702075488695158334
0.0000013603778376917437482
0.0000013515170915132771413
0.0000013436683684255677458
0.0000013368724950238754539
0.0000013355906337035773070
0.0000013353662951925636027
0.0000013361802552388775481
0.0000013380248164850235193
0.0000013408985735167421454
0.0000013448041785464676866
0.0000013497470532939878543
0.0000013557344961028062761
0.0000013627750234772823427
0.0000013708778647586012632
0.0000013800525652826052504
0.0000013903086407758392490
0.0000014016552456945162233
0.0000014141008688575824403
0.0000014276531253611727402
0.0000014423186402492322488
0.0000014581030147915039966
0.0000014750108444029820808
0.0000014930457692941993681
0.0000015122105432573321274
0.0000015325071106942973441
0.0000015539366839486288731
0.0000015764998212232600452
0.0000016001965028044207964
0.0000016250262050479952010
0.0000016509879708996778817
0.0000016757351735946339725
0.0000017020851771793622883
0.0000017300694627494940729
0.0000017597168641303150033
0.0000017909763713392947487
0.0000018236307376978480040
0.0000018572679579367590492
0.0000018913246194054903927
0.0000019251818786759245835
0.0000019582692663164519948
0.0000019901353476841288321
0.0000020204887477617510396
0.0000020492292535919925217
0.0000020764714940066420927
0.0000021025405480315823730
0.0000021187803156163674549
0.0000021351615534403310155
0.0000021526307239509241871
0.0000021714018403447246013
0.0000021913717137979364639
0.0000022123557441824070223
0.0000022341773129994959153
0.0000022566911180624505734
0.0000022797834399681839947
0.0000023033663614140755432
0.0000023273716283508503021
0.0000023517456671145938471
0.0000023764458967048125852
0.0000024014380700211574296
0.0000024266943016197803251
0.0000024521915850819723239
0.0000024779106981498423276
0.0000025115179179998648956
0.0000025455735002297473509
0.0000025800586227190629056
0.0000026149781899056132453
0.0000026503707014786197623
0.0000026863167262845707951
0.0000027229449140567396540
0.0000027604340289886514062
0.0000027990091227606229468
0.0000028389298319929487124
0.0000028804694486936665350
0.0000029238847606092202508
0.0000029693789495646385983
0.0000030170624361005029878
0.0000030669192831866720683
0.0000031187872048356723947
0.0000031723569361635607540
0.0000032271922356250303656
0.0000032827666403984890268
0.0000033385091659882964337
0.0000033938498841999431022
0.0000034482578672243597908
0.0000035012673915443226651
0.0000035524916104654468607
0.0000036016254961517892685
0.0000036484409577667497903
0.0000036927772458630503093
0.0000037345294590275025441
0.0000037736371873726581481
0.0000038100751069558041174
0.0000038438458402349989115
0.0000038749744501205849056
0.0000038897772767279966072
0.0000039157002300666697889
0.0000039392306642243305053
0.0000039604294648374584732
0.0000039793550841088527143
0.0000039960561453969435698
0.0000040105656570637913426
0.0000040228971030205899190
0.0000040330421799240129732
0.0000040409699407308299272
0.0000040466279626317272681
0.0000040499451204780164307
0.0000040508357550316125749
0.0000040492052963507367184
0.0000040449570846881439541
0.0000040380003792311560578
0.0000040282593834152559758
0.0000040156816337768690963
0.0000040002437569791600861
0.0000039819539750473599064
0.0000039608530246350310948
0.0000039370135218935511313
0.0000039105385466523906414
0.0000038815596363929342832
0.0000038502340451866747751
0.0000038167411228130509483
0.0000037812776877401451871
0.0000037440525886248822877
0.0000037052808515684514470
0.0000036651778911191140353
0.0000036239542318205322946
0.0000035818111072621591410
0.0000035389367048551761750
0.0000034955023289793511477
0.0000034516586479170803960
0.0000034075320554362506712
0.0000033632210068234341980
0.0000033187921711868863534
0.0000032742768611566798765
0.0000032296684713173674165
0.0000031849215102860791168
0.0000031399524567481426095
0.0000030946524461998348378
0.0000030489098357499489288
0.0000030026400346025669732
0.0000029558170056872997873
0.0000029084966958772315311
0.0000028608220663331143351
0.0000028130048532287176676
0.0000027652889412538498760
0.0000027179083439931551711
0.0000026710539006511474642
0.0000026248567928064986324
0.0000025793888554094177623
0.0000025346742516623542876
0.0000024907058458479300172
0.0000024474611432277040990
0.0000024049149278517319537
0.0000023630474973670870329
0.0000023218484139694280593
0.0000022813162583691737788
0.0000022414554409332018048
0.0000022029500047777975636
0.0000021650129269571151573
0.0000021276452028231305604
0.0000020908477050950232246
0.0000020546209515631012230
0.0000020189649028938853195
0.0000019838789012707360667
0.0000019493616450421352486
0.0000019154111425078914211
0.0000018820246059937156968
0.0000018491982744141085854
0.0000018169271348347324251
0.0000017852045100065686605
0.0000017540214612422288558
0.0000017233659340738290595
0.0000016932215468519171118
0.0000016635658778940841840
0.0000016343680608390538374
0.0000016055854679921017791
0.0000015771593269955374760
0.0000015490094823971023852
0.0000015210296787673362577
0.0000014930877116346397992
0.0000014650407668111983921
0.0000014367831863288376141
0.0000014083335548157034088
0.0000013827065250638942021
0.0000013579777661395488736
0.0000013342654269890300008
0.0000013116809720482445438
0.0000012903252470801777609
0.0000012702636022908645865
0.0000012515017859046792764
0.0000012339824804695918223
0.0000012176015901410685146
0.0000012022399926650607513
0.0000011877931188192901881
0.0000011741855348573042344
0.0000011613703085853422059
0.0000011493191162372173409
0.0000011380101676101462946
0.0000011248109730193884857
0.0000011123681608529706977
0.0000011006841927414358308
0.0000010897631234807984383
0.0000010796107917964583847
0.0000010702350269542196093
0.0000010616458777168247197
0.0000010538558727934055933
0.0000010468802887307581410
0.0000010407373478804881003
0.0000010354481587552487344
0.0000010310360044460057375
0.0000010275242473705107194
0.0000010249317580774348301
0.0000010232651392209365527
0.0000010225111674401135683
0.0000010226497283945192881
0.0000010239594186168172520
0.0000010258323995672432362
0.0000010282631913217060304
0.0000010312413431831379625
0.0000010347499622194230304
0.0000010387646360256330707
0.0000010432520110628842723
0.0000010481683507979769730
0.0000010534581041512860293
0.0000010590528256839651563
0.0000010648708151151099485
0.0000010708179205738855489
0.0000010767901540743251016
0.0000010826785024167166750
0.0000010883759296725001789
0.0000010937858844436593942
0.0000010988310367572930881
0.0000011034605666676900236
0.0000011076543042739432047
0.0000011114223770814657517
0.0000011148010946039569921
0.0000011178458914707328873
0.0000011206229536478349949
0.0000011232007836320865650
0.0000011256429868960038845
0.0000011280027669178960585
0.0000011303196560930950046
0.0000011326194247807872566
0.0000011349171693646716671
0.0000011372237961977199568
0.0000011395506904531060062
0.0000011419099531345908098
0.0000011445352008140962916
0.0000011470832633998484174
0.0000011496821447178445448
0.0000011523239273621991653
0.0000011549959161911395105
0.0000011576829406186647103
0.0000011603690258873838141
0.0000011630385026638013337
0.0000011656768871729819453
0.0000011682712825051203789
0.0000011708104909688252908
0.0000011732849188237365577
0.0000011756864699451623138
0.0000011780085400875838910
0.0000011802461421817667372
0.0000011823960822721693429
0.0000011844571448529183664
0.0000011864302122119029653
0.0000011883183829685562311
0.0000011901270204738643435
0.0000011918637808411770714
0.0000011935385718470610417
0.0000011951634034471287073
0.0000011967521245651741526
0.0000011983200503327294927
0.0000011998834878819432693
0.0000012014591692325512707
0.0000012030636037028549906
0.0000012047123714961321488
0.0000012064193865513066622
0.0000012081961740417072908
0.0000012100512223981979690
0.0000012119894269413701543
0.0000012140116856019770785
0.0000012161146806976131440
0.0000012182909266267323398
0.0000012205293099326534919
0.0000012228160230057057860
0.0000012251362745564885836
0.0000012274768981365960810
0.0000012298289120719581147
0.0000012321849357036966764
0.0000012345376795569722189
0.0000012368797031878011043
0.0000012392034060909177631
0.0000012415011355499514745
0.0000012437653062728985494
0.0000012459885228183018949
0.0000012481636795401525193
0.0000012502840255225548337
0.0000012523432192190675288
0.0000012543353837183414595
0.0000012562551577201995131
0.0000012580977415579455065
0.0000012598589372146070355
0.0000012615351793728962371
0.0000012631235472880081425
0.0000012646217554133666543
0.0000012660281414449495253
0.0000012673416568854400051
0.0000012685618863801767995
0.0000012696890914127559994
0.0000012707242555322386208
0.0000012716691180042891974
0.0000012725261713606533483
0.0000012732986257192996790
0.0000012739903373707147621
0.0000012746057155555787803
0.0000012751496398730127652
0.0000012756273664659488760
0.0000012760443274481315781
0.0000012764231707139517383
0.0000012767923500203616014
0.0000012771711222349115527
0.0000012775710217507446462
0.0000012779961500600809925
0.0000012784461294113298432
0.0000012789184882207184567
0.0000012794100599629213964
0.0000012799176791736848340
0.0000012804384788067636055
0.0000012809699866346361176
0.0000012815101294598032956
0.0000012820572000222790189
0.0000012826098129658920265
0.0000012831668623403830689
0.0000012837274834096678519
0.0000012842910197102367672
0.0000012848569927219226070
0.0000012854250707775058360
0.0000012859950406417785023
0.0000012865667810360907853
0.0000012871402410614118979
0.0000012877154237613639417
0.0000012882923741693423071
0.0000012888711717967210818
0.0000012894519255955879251
0.0000012900347709277198863
0.0000012906198672466519107
0.0000012912073961097868617
0.0000012917975594352673612
0.0000012923905779656462757
0.0000012929866899105248888
0.0000012935861497612766167
0.0000012941892272615938690
0.0000012947962065399628330
0.0000012954073854226460621
0.0000012960230749418447478
0.0000012966435990122788823
0.0000012972692942002003155
0.0000012979005092969008656
0.0000012985376044242575978
0.0000012991809498008376948
0.0000012998309240871586083
0.0000013004879128603172462
0.0000013011523074126107444
0.0000013018245036484378366
0.0000013025049009420425255
0.0000013031939005294785721
0.0000013038919030193880339
0.0000013045993045063501404
0.0000013053164908257634379
0.0000013060438304547849436
0.0000013067816650117278170
