1.0000000000000000000000000
-0.0000000088415411813262091
0.0000000788903278861541784
0.0000001652034024940693711
0.0000002500931281174188861
0.0000003335544777065929325
0.0000004155819162285693874
0.0000004961694730589734210
0.0000005753108318684829232
0.0000006529994273752901996
0.0000007292285426529798473
0.0000008039914003611201997
0.0000008772812479279807114
0.0000009490914396198174338
0.0000010194155290303168310
0.0000010882473542331429111
0.0000011555811106134111804
0.0000012214114006225303844
0.0000012857332604528191347
0.0000013485421766601211343
0.0000014098340992252137376
0.0000014696054550638250634
0.0000015278531646625990956
0.0000015845746631105612333
0.0000016397679257022163219
0.0000016934314972771785830
0.0000017455645213431514799
0.0000017961667557333899817
0.0000018452385332273079058
0.0000018927805893856290122
0.0000019387938578355294199
0.0000019832796131517270872
0.0000020262395235862150727
0.0000020676756514094324300
0.0000021075904516759290456
0.0000021459867690197253263
0.0000021828678320031307214
0.0000022182372444460930759
0.0000022520989730481199251
0.0000022844573304781588988
0.0000023153169529453431551
0.0000023446827710701373410
0.0000023725599726446441807
0.0000023989539555944280003
0.0000024238702691206295966
0.0000024473145405941932618
0.0000024692923852693742916
0.0000024898092782040293327
0.0000025088703018010915465
0.0000025264797230030100407
0.0000025426405055246148205
0.0000025573538575697470525
0.0000025706188714328388718
0.0000025824322390908809105
0.0000025927879384775453730
0.0000026016767607949725951
0.0000026090855152782950126
0.0000026149958274124416833
0.0000026193823012053728021
0.0000026222096596807100411
0.0000026234282087611937728
0.0000026229666266807679810
0.0000026207210286129009716
0.0000026165404181701525445
0.0000026102136600071731120
0.0000026014765463837963885
0.0000025864052952982874857
0.0000025690112593468224719
0.0000025491969357151373001
0.0000025268481173718390433
0.0000025018421006221094451
0.0000024740598491027930546
0.0000024434017809151850862
0.0000024098061449764011814
0.0000023732691469290209666
0.0000023338655070788123200
0.0000022917680979244767651
0.0000022472622582162451350
0.0000022007476937362970004
0.0000021527204320803882454
0.0000021037335909520671021
0.0000020543418058924922467
0.0000020050410721855829969
0.0000019562179859490507860
0.0000019081201478505065432
0.0000018608522754521229310
0.0000018143951059009712369
0.0000017686405031849542616
0.0000017234351477097238284
0.0000016786294889883111997
0.0000016341285030055843872
0.0000015899248747791837395
0.0000015504669499623703364
0.0000015102846527881531284
0.0000014692521499197270264
0.0000014272313476897537173
0.0000013840881540559139437
0.0000013397305900135777952
0.0000012941831483918062036
0.0000012477023730450629611
0.0000012031544502729700450
0.0000011597945134394466195
0.0000011177966886552337383
0.0000010773043672465347668
0.0000010384204406170009391
0.0000010012060329104510541
0.0000009656872119724088661
0.0000009318654822309467772
0.0000008997269118810817016
0.0000008692482820628983306
0.0000008404006266395615200
0.0000008131520496577811370
0.0000007874704353984761543
0.0000007633263195124305094
0.0000007406958736662186437
0.0000007195635691525711168
0.0000006999237997669428058
0.0000006817844727306858554
0.0000006651731662485384885
0.0000006501401678093727447
0.0000006367518757135431021
0.0000006250797695524385331
0.0000006151867683681149275
0.0000006071205705914382698
0.0000006009123550586747847
0.0000005965758925795778868
0.0000005941044530785118142
0.0000005934668688060019307
0.0000005946057990525122935
0.0000005974401327355734540
0.0000006018721842210157877
0.0000006077993573112289420
0.0000006151281649385987310
0.0000006237864320975096687
0.0000006337301021695643464
0.0000006449441183205433259
0.0000006574414550531074571
0.0000006712633140041460619
0.0000006864800679139432776
0.0000007031865007687836679
0.0000007214898104803894251
0.0000007414927127399409260
0.0000007632780741662935757
0.0000007868993271076810016
0.0000008123559904237757338
0.0000008430414770275418270
0.0000008756453183321427869
0.0000009091103828405614850
0.0000009428629161915323110
0.0000009766745444192149120
0.0000010104995845913086999
0.0000010443725375912314510
0.0000010783560841656038996
0.0000011125178941270350856
0.0000011469215542177423408
0.0000011816238079104283951
0.0000012166743733902713132
0.0000012521166661076123008
0.0000012879887215459468808
0.0000013243240495441384782
0.0000013611523389230097842
0.0000014003573225016306468
0.0000014402201787846482548
0.0000014807761678329049882
0.0000015221468856364170777
0.0000015634915427526569216
0.0000016072199368028643556
0.0000016528687113348039464
0.0000016993274231589228953
0.0000017454067811575063917
0.0000017902002346915264113
0.0000018331928855210586727
0.0000018742048226035055842
0.0000019171961006740089740
0.0000019596447814106114722
0.0000020015633462108907150
0.0000020429738912698181254
0.0000020838926810384837693
0.0000021243231659111145890
0.0000021642570987505514344
0.0000022036807631710620743
0.0000022425837864118852061
0.0000022809675840691216938
0.0000023188501446054755965
0.0000023562658629990019208
0.0000023932597178328886719
0.0000024298781390005321714
0.0000024661594236650645152
0.0000025021261373997245774
0.0000025377807405752853905
0.0000025731045483188024087
0.0000026080592999113523085
0.0000026425903550142544710
0.0000026766304876972983537
0.0000027101034990976567463
0.0000027429272010816932797
0.0000027750157985398611409
0.0000028062820860651344542
0.0000028366389956701946781
0.0000028659998235407585995
0.0000028942782711034363034
0.0000029213889492683266260
0.0000029472482455133340644
0.0000029717756432583267551
0.0000029948956238119410223
0.0000030165400882598917172
0.0000030366509187343107741
0.0000030551824960752809200
0.0000030721040230578706366
0.0000030874017523962270583
0.0000031010813107731369589
0.0000031131700902495573260
0.0000031237195612871267695
0.0000031328073485119796096
0.0000031405388901704531846
0.0000031470484085288754627
0.0000031524988851161722339
0.0000031570806564780009630
0.0000031610082020916165622
0.0000031645149344394357265
0.0000031678459772296596417
0.0000031712490652269233239
0.0000031749639152532494676
0.0000031792107195377702188
0.0000031841786136497578819
0.0000031900151666328912799
0.0000031968179969462794713
0.0000032046292826149454029
0.0000032134336687078118200
0.0000032231598901486651769
0.0000032336860311331615157
0.0000032448479273003669288
0.0000032564501906485926304
0.0000032682797243993906911
0.0000032801198452394558302
0.0000032917611104626965514
0.0000033030086170144095067
0.0000033136892128584521908
0.0000033236568932897715097
0.0000033327956881117216480
0.0000033410201396803374624
0.0000033482739944632724815
0.0000033545278525576331813
0.0000033597753436830749243
0.0000033640274065629990780
0.0000033673061515567504238
0.0000033696387361753851702
0.0000033710529728351578447
0.0000033715755792203243566
0.0000033712325662174403292
0.0000033700510773730379892
0.0000033680612717715574442
0.0000033652975467216322445
0.0000033617992825575411037
0.0000033576114634959136705
0.0000033527849460291681401
0.0000033473763284467213863
0.0000033414476578307803680
0.0000033350667255972056056
0.0000033283047747002181274
0.0000033201807221979174479
0.0000033113364387535249567
0.0000033019101250728976489
0.0000032935283729069176496
0.0000032848844954305052009
0.0000032759324601401012179
0.0000032665979869482117622
0.0000032567841951978010868
0.0000032463844756043131849
0.0000032353024986498759982
0.0000032234726358120874133
0.0000032108718496458074480
0.0000031975182169840946256
0.0000031834587389328633526
0.0000031687535420316403662
0.0000031534623346480936195
0.0000031376356631404525887
0.0000031213119234810696391
0.0000031045217130072916589
0.0000030873344863053558199
0.0000030692726017680424855
0.0000030503149468837705100
0.0000030304414085411622515
0.0000030096349226059010883
0.0000029878845814096307307
0.0000029651902100720298408
0.0000029415688929674841554
0.0000029170639016646377552
0.0000028917561712452426488
0.0000028657775668824438890
0.0000028393232590411033918
0.0000028126571570559834762
0.0000027860996454265511574
0.0000027599824751191397370
0.0000027345554682825234667
0.0000027098372304585637669
0.0000026878552609057531290
0.0000026661007701208951250
0.0000026444487102566072796
0.0000026228022589393663601
0.0000025979497380606813829
0.0000025728064395866379932
0.0000025473786428187642629
0.0000025216870759382606731
0.0000024957772210581358445
0.0000024697333984051973396
0.0000024436917776390712452
0.0000024178352629056689836
0.0000023958792663069344273
0.0000023736832472973032009
0.0000023510923490468755601
0.0000023279708854438128002
0.0000023042093603874307183
0.0000022797274473160861167
0.0000022544729379030304578
0.0000022284177584216555013
0.0000022015531649220285626
0.0000021738875202706533870
0.0000021454459810452688986
0.0000021162660942698926517
0.0000020863856055963156703
0.0000020558319652707313052
0.0000020246157831045613826
0.0000019927277087909662759
0.0000019601377760582160520
0.0000019267967116651499353
0.0000018926392458704077213
0.0000018575893653787548841
0.0000018215673775028842941
0.0000017844985552261738615
0.0000017463230043228323417
0.0000017070061028366040975
0.0000016665486071695576592
0.0000016249950719359183808
0.0000015824392435081537337
0.0000015390251126386933764
0.0000014949445977623730275
0.0000014504327421806000164
0.0000014057605194293139769
0.0000013612255371560247168
0.0000013171410399226517716
0.0000012738242806243168256
0.0000012315839071945096340
0.0000011907074542429635942
0.0000011514497361358574136
0.0000011140224889371865728
0.0000010785892487658743768
0.0000010452658869563007212
0.0000010141213810068538842
0.0000009851803022409942358
0.0000009584272194376673869
0.0000009338124012396572221
0.0000009112578246421983211
0.0000008906630857889884562
0.0000008719111754224803977
0.0000008548740093460893130
0.0000008394176512092019285
0.0000008254071823053531267
0.0000008127111427884152394
0.0000008012055350391774065
0.0000007907774955723479015
0.0000007813285689896940637
0.0000007727774761191999471
0.0000007650623572398224732
0.0000007581424548169264773
0.0000007519991082725130554
0.0000007466358864810987524
0.0000007420775263172008790
0.0000007383672559962079516
0.0000007355617978477792997
0.0000007337231103360531621
0.0000007329061100007615227
0.0000007331420625383248293
0.0000007344184164520745129
0.0000007366570396986057617
0.0000007396949348969562545
0.0000007432749175278514577
0.0000007470527866963185259
0.0000007506201967433191134
0.0000007535413795983137223
0.0000007553962437377022007
0.0000007558238760596471394
0.0000007545583316750278549
0.0000007514482578121532414
0.0000007464568808778284579
0.0000007396469437015880835
0.0000007311576062737955007
0.0000007211733813187483192
0.0000007098875416125585437
0.0000006974670973421978852
0.0000006840261244233249779
0.0000006696215976496847588
0.0000006542741179709057457
0.0000006379883079245121200
0.0000006207666799975176573
0.0000006046951073596331895
0.0000005865672737258887054
0.0000005657933830482599958
0.0000005442794777869726031
0.0000005221030030490111636
0.0000004993168206599775322
0.0000004759751933507588159
0.0000004521426082326577243
0.0000004278931197201903858
0.0000004033082312010026305
0.0000003784760783947594921
0.0000003534916433305190341
0.0000003284569950436154960
0.0000003034813079383778718
0.0000002786799395785126984
0.0000002541727174164115230
0.0000002300815103742094461
0.0000002065265673020639378
0.0000001836214311019264147
0.0000001614671792012724586
0.0000001401467209202207572
0.0000001197201110164461720
0.0000001002214942624930353
0.0000000816582879200224360
0.0000000640128379207245852
0.0000000472466065987710907
0.0000000313065450601948936
0.0000000161330662053280201
0.0000000016687851097176974
-0.0000000121331002207923484
-0.0000000253025700743467919
-0.0000000378518689370275754
-0.0000000497806820397543519
-0.0000000610832133790455202
-0.0000000717530396916715834
-0.0000000817841191926821759
-0.0000000911709175067699850
-0.0000000999085973539116392
-0.0000001079932555758798121
-0.0000001154221744759910866
-0.0000001221940420297126012
-0.0000001283091286784491995
-0.0000001337694306251578115
-0.0000001385787573614748356
-0.0000001427427489992420503
-0.0000001462688349456053256
-0.0000001491661612963106824
-0.0000001514455112338699703
-0.0000001531192843228467740
-0.0000001542015170105180464
-0.0000001547079532624808722
-0.0000001546561159052570910
-0.0000001540652164499060890
-0.0000001529562002149635625
-0.0000001513524930072966124
-0.0000001492807967405549762
-0.0000001467710501110320505
-0.0000001438559172684334011
-0.0000001405698584411438200
-0.0000001369483243287727950
-0.0000001330274603521191318
-0.0000001288439455059936842
-0.0000001244348190109597799
-0.0000001198372913937170470
-0.0000001150885304959711374
-0.0000001102254308846775870
-0.0000001052843644836206761
-0.0000001003009401060382283
-0.0000000953097689632811683
-0.0000000903442456346752694
-0.0000000854363331057374672
-0.0000000806163283807588434
-0.0000000759125769813523450
-0.0000000713510808487850619
-0.0000000669550585596834570
-0.0000000627448450302247467
-0.0000000587382728064030402
-0.0000000549515487288167769
-0.0000000514003922046972076
-0.0000000481008768068906350
-0.0000000450699054066102771
-0.0000000423254043022525170
-0.0000000398862754918200216
-0.0000000377721750475761948
-0.0000000360031210661456933
-0.0000000345987857545896560
-0.0000000335776392697302822
-0.0000000329561158873164191
-0.0000000327478833423085486
-0.0000000329632637331127895
-0.0000000336087696262139817
-0.0000000346867277353977839
-0.0000000361950318830968316
-0.0000000381269829896597253
-0.0000000404712967923923215
-0.0000000432123214294737389
-0.0000000463306954779451880
-0.0000000498042564858033088
-0.0000000536089659031076989
-0.0000000577198103118950366
-0.0000000621113982662756271
-0.0000000667583185203161103
-0.0000000716353112507973591
-0.0000000767172401593707397
-0.0000000819789387090856205
-0.0000000873949708187262640
-0.0000000929394168187557147
-0.0000000985856962620194539
-0.0000001043065135933843279
-0.0000001100738941162187399
-0.0000001158593053100473312
-0.0000001216338321971832766
-0.0000001273683810682355036
-0.0000001330338946596053460
-0.0000001386015599087609507
-0.0000001440429994761190572
-0.0000001493304335951252530
-0.0000001544368117537152458
-0.0000001593359056102343694
-0.0000001640023648323001710
-0.0000001684117383388843979
-0.0000001725404975620234184
-0.0000001763660583385799051
-0.0000001798667802514729659
-0.0000001830219520466896147
-0.0000001858117958869817679
-0.0000001882174991311753677
-0.0000001902212816471879973
-0.0000001918064689803481451
-0.0000001929575095536005300
-0.0000001936600016906138928
-0.0000001939006893419267335
-0.0000001936675041116777321
-0.0000001929496453834852730
-0.0000001917376877561836565
-0.0000001900237384334452456
-0.0000001878016210197788063
-0.0000001850670733787662131
-0.0000001818179509122069688
-0.0000001780544028815885727
-0.0000001737790324137246611
-0.0000001689970444247386250
-0.0000001637163908603086736
-0.0000001579479156503447917
-0.0000001517055353726912172
-0.0000001450064814591520689
-0.0000001378716523187428526
-0.0000001303258410578227876
-0.0000001223977035623103029
-0.0000001141193283186491655
-0.0000001055253680485847892
-0.0000000966521384966346425
-0.0000000875367706353493530
-0.0000000782164279996641857
-0.0000000687275836639348390
-0.0000000591053632027844774
-0.0000000493829374174065695
-0.0000000395909246285649282
-0.0000000297567357431272845
-0.0000000199036740814958020
-0.0000000100499846555185502
-0.0000000002082136092502478
0.0000000096150790755099357
0.0000000194191950002604686
0.0000000292090826379515099
0.0000000389954212167546108
0.0000000487948194356168883
0.0000000586298200676686467
0.0000000685287430209264240
0.0000000785254242564647280
0.0000000886588631468216398
0.0000000989728214750110027
0.0000001095151945336331529
0.0000001203368696473133006
0.0000001314903788974878044
0.0000001430284372178142038
0.0000001550024971320944475
0.0000001674613355706012740
0.0000001804500448914253670
0.0000001940101997274393683
0.0000002081808371408410592
0.0000002230006795832432497
0.0000002385106605535231617
0.0000002547552404805629557
0.0000002717825440434257706
0.0000002896429099768087799
0.0000003083864439833085693
0.0000003280603739810536937
0.0000003487070664935337538
0.0000003703626749697404938
0.0000003930563218680894409
0.0000004168092236351301575
0.0000004416302390748095642
0.0000004675066890567546904
0.0000004969726818358249744
0.0000005271581767192739267
0.0000005577958559422697096
0.0000005887438380095064251
0.0000006199481470794903802
0.0000006514048915269771843
0.0000006831346569762987563
0.0000007151678388089378092
0.0000007475370502457482677
0.0000007802735366138010492
0.0000008134056991824111306
0.0000008469586514589228068
0.0000008809542510627588670
0.0000009154113294887166952
0.0000009503459856989942235
0.0000009857718815217897782
0.0000010217005139949616977
0.0000010581414582621805390
0.0000010951025836875538538
0.0000011325902554127221813
0.0000011706095192731454412
0.0000012091642595037155122
0.0000012482573299453191375
0.0000012878906577896901678
0.0000013280653303812506481
0.0000013687816808970432131
0.0000014100393696862074694
0.0000014518374542782966303
0.0000014941744500394750051
0.0000015370483843616214768
0.0000015804568457794640659
0.0000016243970303935387998
0.0000016688657820674583257
0.0000017138596187966821982
0.0000017593747502922656839
0.0000018056350966602350369
0.0000018520583151442807379
0.0000018984252916552751214
0.0000019440750100088116102
0.0000019884584806716897665
0.0000020313172242058401723
0.0000020727152954017292773
0.0000021129417802375051446
0.0000021523723898240703406
0.0000021913637719056068348
0.0000022302021023724590751
0.0000022690930156958072615
0.0000023081724395695769902
0.0000023475236937849596688
0.0000023871935634477071370
0.0000024272048830609667390
0.0000024675654451602101476
0.0000025082738308255792140
0.0000025493230465187715210
0.0000025907030610842992771
0.0000026324026860963887393
0.0000026744105678585645294
0.0000027167157019298777059
0.0000027593077039815698197
0.0000028021769325190073723
0.0000028453145237073135407
0.0000028887123758952787495
0.0000029323631070422582377
0.0000029782093914483768897
0.0000030242642297219936705
0.0000030685513153518649414
0.0000031130890439050064842
0.0000031579192967910626887
0.0000032030860126141818529
0.0000032486260118319016855
0.0000032945634390642366655
0.0000033409080677987878556
0.0000033876567288555959516
0.0000034347965425810155551
0.0000034823086477750154741
0.0000035301715201566232940
0.0000035783634556925489689
0.0000036268641626401838713
0.0000036756556067924907177
0.0000037247223199192351590
0.0000037740513686336519892
0.0000038236321365390786741
0.0000038734560241765665463
0.0000039235161311835697922
0.0000039738069561901074412
0.0000040243241311244690858
0.0000040750641952831656421
0.0000041260244083130942868
0.0000041772025982575953227
0.0000042285970397064597884
0.0000042827455963510844669
0.0000043371005533648883929
0.0000043915514469200766921
0.0000044458918805448584423
0.0000044956435704053900420
0.0000045417811702765252990
0.0000045834630480423245766
0.0000046206211591509214267
0.0000046537998404379978494
0.0000046839089868829415786
0.0000047119732695916129872
0.0000047389433128439074479
0.0000047655919123582051976
0.0000047924831429300984042
0.0000048199877172061007254
0.0000048483195449419425456
0.0000048775765851663765193
0.0000049077772124954615154
0.0000049388889434911813499
0.0000049708494404491668540
0.0000050035810111386030548
0.0000050370001382179005857
0.0000050710234381546977824
0.0000051055711666567407404
0.0000051405690976882612662
0.0000051932872291067236611
0.0000052466226480723686718
0.0000052828228439301569647
0.0000053192661509025028802
0.0000053559660299223091465
0.0000053929593183161083476
0.0000054302864296408779647
0.0000054679792467427194524
0.0000055060546492781916895
0.0000055445120902473408667
0.0000055833338287654457521
0.0000056224866883049047023
0.0000056818673257597891098
0.0000057421472674461848581
0.0000058033362029311854767
0.0000058654593626579817274
0.0000059076564509182383366
0.0000059505742582466998752
0.0000059943430566581503726
0.0000060389857835587672032
0.0000060844386332312886903
0.0000061525184904036068717
0.0000062217373647696519204
0.0000062920669994226225430
0.0000063634968550830789624
0.0000064360354063810553307
0.0000065096970544378332546
0.0000065844821238388021907
0.0000066603570157842417957
0.0000067372419914508426220
0.0000067937158539405823109
0.0000068512170581965069685
0.0000069091366059773982658
0.0000069886339225935247859
0.0000070679527479054796328
0.0000071468003405112384691
0.0000072248879848439248567
0.0000073019395342734611662
0.0000073776978974835397655
0.0000074519289166643051074
0.0000075244224486270521585
0.0000075949908901513138692
0.0000076634657277687326491
0.0000077296928790524152260
0.0000077935277220249175737
0.0000078548307905880236591
0.0000079134651727090258661
0.0000079692966744483181114
0.0000080221977011537594100
0.0000080720550253945852021
0.0000080992951937496965108
0.0000081230845184199845056
0.0000081638887709441304656
0.0000082014839243510628407
0.0000082358920502851273409
0.0000082671456353497564841
0.0000082952848027052088659
0.0000083203550969057778040
0.0000083424059900803019803
0.0000083614900024559725054
0.0000083776622513164276099
0.0000083909802749736830285
0.0000084015040110244743705
0.0000084092958364995578345
0.0000084144206040900828577
0.0000084169456156821069719
0.0000084169401556854536983
0.0000084144743595274231932
0.0000084096200021079258152
0.0000084024504746894773427
0.0000083930403540150759159
0.0000083814649065343698923
0.0000083677995340687883499
0.0000083521191666958260319
0.0000083344976568469723448
0.0000083150072150193560038
0.0000082937179210809382299
0.0000082706973340879839934
0.0000082460101744294856952
0.0000082197180724151771837
0.0000081918793830146000311
0.0000081625490653052094642
0.0000081317786233517938224
0.0000080996161058390350528
0.0000080661061626801554498
0.0000080312901575386276754
0.0000079952063428558713609
0.0000079578900942152322706
0.0000079193741943007044527
0.0000078796891662400550706
0.0000078388636515026107084
0.0000077969248382389619106
0.0000077538989518730644948
0.0000077098118008012778092
0.0000076646893558791643963
0.0000076185583371131756239
0.0000075714467665530079795
0.0000075233844274836983611
0.0000074744031578625195461
0.0000074245368927179656844
0.0000073738213725185218560
0.0000073222934893426389760
0.0000072699903066263504210
0.0000072169478755674904908
0.0000071632000460120751309
0.0000071087775310153867141
0.0000070537074984770114746
0.0000069980137834575056616
0.0000069417176726154961836
0.0000068848390531876531878
0.0000068273976925422168611
0.0000067694144657662965156
0.0000067109124017281764093
0.0000066519174764281498229
0.0000065924590943448500239
0.0000065325702428080272731
0.0000064722873587399442068
0.0000064116496788426035472
0.0000063506971986523426662
0.0000062894679908259543388
0.0000062526515643112053357
0.0000062154317246531828043
0.0000061778032943779933711
0.0000061397600582129989487
0.0000061012945938905667421
0.0000060623980724869850397
0.0000060230600234209359016
0.0000059832680588478333119
0.0000059430075519995230915
0.0000059022612641973318880
0.0000058610089160549250334
0.0000058192267001438795476
0.0000057768867356265523528
0.0000057339564707670081671
0.0000056903980477393877483
0.0000056461676569391128677
0.0000056012149264498727332
0.0000055554824178776104793
0.0000055089053336032751479
0.0000054614115828580390887
0.0000054129224030496517360
0.0000053633537828500225776
0.0000053126189730719476883
0.0000052606323803933530099
0.0000052073150881537760663
0.0000051526021011873131969
0.0000050964511331286608232
0.0000050388523301583416136
0.0000049798377876163063752
0.0000049194891732843274459
0.0000048579414140213767723
0.0000047953804648425844750
0.0000047320338382803178259
0.0000046681538094693800139
0.0000046039947188329450855
0.0000045397869965068018131
0.0000044675980463890711526
0.0000044037396211395871321
0.0000043400195200052029331
0.0000042764313234897989791
0.0000042129682219843361048
0.0000041496230296964868627
0.0000040863882154679980737
0.0000040232558037063000751
0.0000039602169749047207181
0.0000038972626028194548394
0.0000038343836303900504070
0.0000037715713540505692213
0.0000037088177947961134873
0.0000036461161866801155459
0.0000035834616026826559559
0.0000035208517330788868966
0.0000034582878206243664740
0.0000033957757377539759276
0.0000033333271617167246335
0.0000032709607639935918526
0.0000032087032838760671491
0.0000031465903118446783851
0.0000030846665827813569659
0.0000030229855951293144567
0.0000029616084550717187185
0.0000029006020133186548698
0.0000028400366190945168892
0.0000027799841481288334478
0.0000027182343075903892850
0.0000026572253037259145812
0.0000025990281182974057109
0.0000025414574534992978314
0.0000024845154501529305557
0.0000024282041673384966796
0.0000023725256739448241754
0.0000023174819804807332376
0.0000022630749014625925307
0.0000022093058299185479776
0.0000021561753771716090211
0.0000021036828080905111580
0.0000020518251696915987178
0.0000020005959683512342216
0.0000019499832014613448720
0.0000018999664151540342694
0.0000018505123652430031327
0.0000018015698552404974905
0.0000017530643206847428671
0.0000017048936229251545033
0.0000016569286628272142473
0.0000016090253626937175086
0.0000015610552976065674041
0.0000015129556360313778740
0.0000014647816697193724135
0.0000014167265120773831906
0.0000013690776964107939673
0.0000013229780805739831702
0.0000012777789611385693895
0.0000012334898669553805378
0.0000011901119354829826720
0.0000011465060443845309984
0.0000011037163613211985670
0.0000010617424825664938158
0.0000010205844870059933620
0.0000009802430752868731507
0.0000009407196914642671358
0.0000009020166144902201321
0.0000008641370083177902512
0.0000008270849198278448136
0.0000007908652134940937336
0.0000007554834335130759655
0.0000007209455889786087592
0.0000006872578722525721334
0.0000006544263475958031880
0.0000006224566513789864207
0.0000005913536059999946160
0.0000005611205808001777556
0.0000005317590936618294949
0.0000005032694624050866116
0.0000004756535977275893632
0.0000004489215264364242523
0.0000004244208721693869205
0.0000004008118750564702829
0.0000003767260370614639762
0.0000003535603805328338042
0.0000003313281853401513554
0.0000003100417476112529354
0.0000002897097441469834462
0.0000002703330307678506057
0.0000002518988472573915798
0.0000002343746395758267553
0.0000002177054300753774630
0.0000002018230431918184101
0.0000001874312058682525339
0.0000001737869750996632548
0.0000001608861514940015997
0.0000001487126040486180591
0.0000001363597804307418838
0.0000001245409547070488365
0.0000001130885644639065459
0.0000001018547556811632952
0.0000000924215596859789567
0.0000000835739323049519079
0.0000000753392698951851096
0.0000000677447331280011703
0.0000000608048443994253850
0.0000000545221029115624810
0.0000000488946216568412185
0.0000000439210678404280803
0.0000000396015709737650190
0.0000000348399063458416824
0.0000000311951849758268561
0.0000000287944372240224930
0.0000000277650093431376894
0.0000000273570734054732208
0.0000000275006540025573362
0.0000000281093175650646182
0.0000000290859324266706304
0.0000000303312880809273290
0.0000000317539270605800289
0.0000000332791679527344072
0.0000000348554755921380878
0.0000000364570767876520908
0.0000000380825486764619977
0.0000000397498725422422769
0.0000000414887836793194200
0.0000000433314099303220153
0.0000000453024739099251431
0.0000000474109313332659218
0.0000000496463525711186811
0.0000000524606679797826561
0.0000000553757470743560075
0.0000000578349279723618360
0.0000000603096000293473559
0.0000000627926724618074846
0.0000000652717133760375984
0.0000000677325323863304416
0.0000000701614697124537017
0.0000000725459192729406084
0.0000000748744213068767458
0.0000000771367426448098810
0.0000000793239275833647754
0.0000000814283089293310508
0.0000000834434994350486668
0.0000000853643724687974475
0.0000000871870290801183561
0.0000000889087516564033143
0.0000000905279444974168131
0.0000000920440600492622909
0.0000000934575048003292475
0.0000000947695256624418149
0.0000000959820932730459794
0.0000000970977882629525497
0.0000000981197129970967936
0.0000000990514281160250863
0.0000000998968987168039990
0.0000001006604424605603922
0.0000001013466633044285341
0.0000001019603762775242788
0.0000001025065230205885481
0.0000001029900901348780788
0.0000001034160561275298454
0.0000001037893492112848108
0.0000001041147388112046104
0.0000001044101597124229090
0.0000001046980315792161332
0.0000001049933856010032408
0.0000001053052280679073019
0.0000001056367630030587903
0.0000001059876971265594231
0.0000001063561020721001615
0.0000001067395066145596954
0.0000001071354401436210610
0.0000001075416648767829644
0.0000001079562511576928133
0.0000001083775807660112593
0.0000001088043210957998225
0.0000001092353907879096210
0.0000001096699265593204305
0.0000001101072533947220377
0.0000001105468588382849811
0.0000001109883693235846278
0.0000001114315259024846463
0.0000001118761620572147271
0.0000001123221830330148366
0.0000001127695489985544342
0.0000001132182622201464166
0.0000001136683577354174112
0.0000001141198974915311570
0.0000001145729664138643599
0.0000001150276700397667114
0.0000001154841327088535304
0.0000001159424960110107065
0.0000001164029174255625249
0.0000001168655691219483201
0.0000001173306369001513462
0.0000001177983192655075061
0.0000001182688266251710393
0.0000001187423806109854658
0.0000001192192135432531921
0.0000001196995680468176429
0.0000001201836967985927693
0.0000001206718623472161552
0.0000001211643367801474539
0.0000001216614010256236388
0.0000001221633438898758012
0.0000001226704607662406952
0.0000001231830524454330561
0.0000001237014241787245407
0.0000001242258848179616312
0.0000001247567459252184143
0.0000001252943205194288527
0.0000001258389211360757080
0.0000001263908567973181388
0.0000001269504285327409215
0.0000001275179238436058281
0.0000001280936092917119993
