19.0000000000000000000000000
0.0000006112257246325531950
0.0000005995302081235707077
0.0000005880620296311302191
0.0000005768218522881715085
0.0000005658104684806577522
0.0000005550287839633235764
0.0000005444777732590098480
0.0000005341584408900407464
0.0000005240717882388888423
0.0000005142187852349839278
0.0000005046003465988912471
0.0000004952173115997930792
0.0000004860704262305319489
0.0000004771603255127240052
0.0000004684875173732989351
0.0000004600523677099758731
0.0000004518550875056941178
0.0000004438957224585571056
0.0000004361741433649764529
0.0000004286900366237475259
0.0000004214428943253815226
0.0000004144320037162078078
0.0000004076564358097928499
0.0000004011150330874880903
0.0000003948063965969019761
0.0000003887288729756538400
0.0000003828805432926480394
0.0000003772592175162235380
0.0000003718624460423044002
0.0000003666875730683460236
0.0000003617318256718386346
0.0000003569923419038938364
0.0000003524661373947864876
0.0000003481501085917029373
0.0000003440411040999958759
0.0000003401360248758195243
0.0000003364319067153225874
0.0000003329259882781825165
0.0000003296157874977107628
0.0000003264991938587836794
0.0000003235745817097483083
0.0000003208409534527774078
0.0000003182981229945671359
0.0000003159469553681760382
0.0000003137896820591740035
0.0000003118303172708300950
0.0000003100752211575499379
0.0000003085338691019955548
0.0000003072199262246646006
0.0000003061527524647192289
0.0000003053594630585608803
0.0000003048775707097392701
0.0000003047578364948881272
0.0000003050658399359842298
0.0000003058785025399022439
0.0000003072696925807765236
0.0000003089378930172045550
0.0000003108550114456396773
0.0000003130141672031978008
0.0000003154061950213261238
0.0000003180191406669719956
0.0000003208379065511255677
0.0000003238441093719654624
0.0000003270161945841518091
0.0000003303298664670308433
0.0000003337588438080788324
0.0000003372759106420509738
0.0000003408541200463530852
0.0000003444680769639422567
0.0000003480952261235866007
0.0000003517170851463778707
0.0000003553203403774559839
0.0000003588976786778788914
0.0000003624481643730098347
0.0000003659770519207591666
0.0000003694950424011081453
0.0000003730170550730123329
0.0000003765606602598383583
0.0000003801443456970448528
0.0000003837857510536010023
0.0000003874999672533664888
0.0000003912979492408117196
0.0000003951853193641587278
0.0000003991626025712764457
0.0000004032277117736660237
0.0000004073780311901207173
0.0000004116096035490956795
0.0000004159163231417204545
0.0000004202905364848751158
0.0000004247240045815251495
0.0000004292080077977475807
0.0000004337330829524169913
0.0000004382888676799904883
0.0000004428639977930168919
0.0000004474460276488290778
0.0000004520214390189704402
0.0000004565757804860279495
0.0000004610940062394609602
0.0000004655609908152767150
0.0000004699620622208123537
0.0000004742835336098355983
0.0000004785130321914080602
0.0000004826396794387132898
0.0000004866541657681225118
0.0000004905487001858677792
0.0000004943168238072026109
0.0000004979531376833975964
0.0000005014530175465735451
0.0000005048123498771515624
0.0000005080273554344431631
0.0000005110944190045018164
0.0000005140099145008386577
0.0000005167700152386509399
0.0000005193705189515237234
0.0000005218067927284651645
0.0000005240739916012202590
0.0000005261673837998140258
0.0000005280825171517929359
0.0000005298153546295495057
0.0000005313621466120924946
0.0000005327195993869638748
0.0000005338853755116814626
0.0000005348582598683204177
0.0000005356380514804182096
0.0000005362252802428309611
0.0000005366208496273599349
0.0000005368261303310219720
0.0000005368431519272391622
0.0000005366746438184523699
0.0000005363239514488106903
0.0000005357948342097179672
0.0000005350912116443782579
0.0000005342169892932781815
0.0000005331759764463914734
0.0000005319718266934871801
0.0000005306078669538429542
0.0000005290868005746427361
0.0000005274103166308413042
0.0000005255787599036043952
0.0000005235909556547844885
0.0000005214443651660201462
0.0000005191352879082144861
0.0000005166585534725253375
0.0000005140070187483026982
0.0000005111707983619738392
0.0000005081377008455697151
0.0000005048946296549628530
0.0000005014293122110890839
0.0000004977318300137483689
0.0000004937957630091566617
0.0000004896189178064418067
0.0000004852037946021960907
0.0000004805577635557824631
0.0000004756929929900889182
0.0000004706261706156086200
0.0000004653780828204581153
0.0000004599730726071719393
0.0000004544384253980296649
0.0000004488037650501095107
0.0000004431004493607146763
0.0000004373610473722712778
0.0000004316188781073145772
0.0000004259076141536030265
0.0000004202609710452758245
0.0000004147124756065053594
0.0000004092952836321947208
0.0000004040420289697001079
0.0000003989846992824448723
0.0000003941545341990995429
0.0000003895819580021815141
0.0000003852965121216137503
0.0000003813267425553684026
0.0000003777000520604687067
0.0000003744424928867689537
0.0000003715785661406697614
0.0000003691310907872330108
0.0000003671211383032184390
0.0000003655680114828652616
0.0000003644891089786425413
0.0000003638996444765110917
0.0000003638119351477873487
0.0000003642333760067134679
0.0000003651626893881903118
0.0000003665886267019798730
0.0000003684934385564827166
0.0000003708566055292196672
0.0000003736573122482171973
0.0000003768756206267574937
0.0000003804929065632944273
0.0000003844918036773819354
0.0000003888551434572713846
0.0000003935642349067608317
0.0000003985970503640065610
0.0000004039263806986298520
0.0000004095180358864937201
0.0000004153296726333789733
0.0000004213100701191941003
0.0000004273973929781986376
0.0000004335176825518447601
0.0000004395859382651264110
0.0000004455100580795725736
0.0000004511958066589911533
0.0000004565518663695053527
0.0000004614943721263710316
0.0000004659504214650060055
0.0000004698602806461019189
0.0000004731782228959268272
0.0000004758721374009170607
0.0000004779221918353723089
0.0000004793188957454388049
0.0000004800609177346598024
0.0000004801529556477517113
0.0000004796038732171389080
0.0000004784252267296759734
0.0000004766302280654599042
0.0000004742331291746737053
0.0000004712489656797069806
0.0000004676935822458205531
0.0000004635838281571858515
0.0000004589378066419624997
0.0000004537750744173990981
0.0000004481167234048016937
0.0000004419853886890103232
0.0000004354054833133086250
0.0000004284038711134570568
0.0000004210106699495822476
0.0000004132600297240950968
0.0000004051900752068767840
0.0000003968424805268865696
0.0000003882619815814826093
0.0000003794958220015063572
0.0000003705931534726605718
0.0000003616043762200990768
0.0000003525804234145390862
0.0000003435720576117253906
0.0000003346292507242688145
0.0000003258005927325782514
0.0000003171326943028822133
0.0000003086697170667272468
0.0000003004530136220181068
0.0000002925208263157844774
0.0000002849079722089799988
0.0000002776454759180300295
0.0000002707601966419414885
0.0000002642745318515837857
0.0000002582062635836976341
0.0000002525684977269028090
0.0000002473696594569113346
0.0000002426135090218527587
0.0000002382992104266390103
0.0000002344217602894111561
0.0000002309726816314422244
0.0000002279404921693965570
0.0000002253108891392417008
0.0000002230669488081242687
0.0000002211895078174684491
0.0000002196575039480350793
0.0000002184483005641734163
0.0000002175378311126243540
0.0000002169007893143436875
0.0000002165108794034853191
0.0000002163410232700885739
0.0000002163634982178987987
0.0000002165500144178728400
0.0000002168716179801900719
0.0000002172983492998020310
0.0000002177990314041456609
0.0000002183415178565151689
0.0000002188930140071193628
0.0000002194206551809974503
0.0000002198920145205003092
0.0000002202753721299880632
0.0000002205402025089113771
0.0000002206579728985481352
0.0000002206033919724248418
0.0000002203559228616422800
0.0000002199009080547449193
0.0000002192301234778881616
0.0000002183418979041229489
0.0000002172412379951063161
0.0000002159412382422424804
0.0000002144640569595073010
0.0000002128392328876696296
0.0000002111004657596947418
0.0000002092820556132837981
0.0000002074155375576063657
0.0000002055270397744256210
0.0000002036357719713816200
0.0000002017539451844879915
0.0000001998873241481639089
0.0000001980336942720219973
0.0000001968349043838020612
0.0000001954835724579687856
0.0000001939184205825458950
0.0000001921122249235704327
0.0000001900595934253707100
0.0000001877665920612711792
0.0000001852441913685951144
0.0000001825047013856127346
0.0000001795600404233821269
0.0000001764210041578844829
0.0000001730970391536297412
0.0000001695962517656638548
0.0000001660587048551843720
0.0000001624339527689260756
0.0000001587197290426763562
0.0000001549061987544862080
0.0000001509751959114182571
0.0000001469041200033145607
0.0000001426676825909271907
0.0000001382398989355085029
0.0000001335974992843439431
0.0000001287244573581287579
0.0000001236166837119382622
0.0000001182853967969022524
0.0000001127573727435383006
0.0000001070707869875318881
0.0000001012680398523600564
0.0000000953880732779272532
0.0000000894608292910724544
0.0000000835049980842260562
0.0000000775284806767746251
0.0000000715304896197521497
0.0000000655041882026629914
0.0000000594391084924878735
0.0000000533229587576992413
0.0000000471427700440347549
0.0000000408855867093940307
0.0000000345388724016589618
0.0000000280905755697493435
0.0000000215289099582741295
0.0000000148421892448856066
0.0000000080187867445775891
0.0000000010470581222366767
-0.0000000060848041961000295
-0.0000000133887518483906733
-0.0000000208768167379254222
-0.0000000285609892804153790
-0.0000000364529711590010308
-0.0000000445637727203162109
-0.0000000529031126303437445
-0.0000000614785816882164861
-0.0000000702945359823169492
-0.0000000793508764381595760
-0.0000000886421103654017243
-0.0000000981558756408601702
-0.0000001078709243800690990
-0.0000001177554507102303524
-0.0000001277658350986303869
-0.0000001378458773911646916
-0.0000001479267545953014053
-0.0000001579279330626942602
-0.0000001677592191030241547
-0.0000001773240851831626667
-0.0000001865241751203526973
-0.0000001952646556599211865
-0.0000002034599076871238771
-0.0000002110389211172834568
-0.0000002179497410012018368
-0.0000002241624572755407004
-0.0000002296703980304518724
-0.0000002344894484729833434
-0.0000002386557227491071907
-0.0000002422220250007344782
-0.0000002452535336980965571
-0.0000002478231563277653465
-0.0000002500069345890612765
-0.0000002518801450479452936
-0.0000002535143808236578074
-0.0000002549758276873462998
-0.0000002563247356604284975
-0.0000002576158712265251485
-0.0000002588991102543928161
-0.0000002602190439995390650
-0.0000002616138265558055830
-0.0000002631144679599823914
-0.0000002647445197380276501
-0.0000002665200780125422802
-0.0000002684501881123930586
-0.0000002705376562673174106
-0.0000002727803180702732681
-0.0000002751725135863147291
-0.0000002777065335675008910
-0.0000002803736143695642295
-0.0000002831644211833860730
-0.0000002860692114694671805
-0.0000002890780510376165902
-0.0000002921814943248337798
-0.0000002953721384202622298
-0.0000002986471432434162553
-0.0000003020115262195873814
-0.0000003054816962527993830
-0.0000003090880403674141009
-0.0000003128748681505769396
-0.0000003168958154846712977
-0.0000003212037333653485305
-0.0000003258368234986665878
-0.0000003308053295186356057
-0.0000003360840136229435266
-0.0000003416138497266214293
-0.0000003473106778092197804
-0.0000003530763390175721651
-0.0000003588101470927480683
-0.0000003644178861628058581
-0.0000003698168509724611830
-0.0000003749377495599581106
-0.0000003797242283322912892
-0.0000003841308612011894750
-0.0000003881200815386667779
-0.0000003916582186340570962
-0.0000003947104788588921552
-0.0000003957524621662123396
-0.0000003966763479438475022
-0.0000003975102590589927251
-0.0000003982893526342118233
-0.0000003990569751419481237
-0.0000003998655567982944261
-0.0000004007765587612058788
-0.0000004018579992297602485
-0.0000004031766993068806499
-0.0000004047805102354673766
-0.0000004066652843808243919
-0.0000004087300016998884333
-0.0000004084606393688806065
-0.0000004073166739569704904
-0.0000004052480833912171355
-0.0000004022256279422399153
-0.0000003982294070164598679
-0.0000003932421171170345383
-0.0000003872471227000027638
-0.0000003802277668871606103
-0.0000003721674426750621924
-0.0000003630504503001125641
-0.0000003528636011875597075
-0.0000003415984410191249428
-0.0000003292539268380374186
-0.0000003158393230882765897
-0.0000003013769067032111096
-0.0000002859040179396126946
-0.0000002694740741942246534
-0.0000002521562385962521288
-0.0000002340336681413924866
-0.0000002152003799697271186
-0.0000001957570438023085432
-0.0000001758062147180346881
-0.0000001554477808187001181
-0.0000001347755826756751986
-0.0000001138751383169095719
-0.0000000928222906860340354
-0.0000000716843628179048323
-0.0000000505243429427882016
-0.0000000294048780118009111
-0.0000000083884643305116499
0.0000000124649400815183518
0.0000000330984335662870387
0.0000000534576878081698290
0.0000000734902846391834394
0.0000000931449929050961446
0.0000001123711341853457020
0.0000001311181017835990128
0.0000001493351318776080893
0.0000001669713266877919292
0.0000001839760273218345866
0.0000002002995728261928624
0.0000002158945028049354978
0.0000002307172118292086328
0.0000002447298926162037905
0.0000002579022584585481003
0.0000002702125045147922276
0.0000002816470439250835438
0.0000002921995850107144500
0.0000003018702137080584195
0.0000003106643998207668525
0.0000003185915953257963057
0.0000003256636919181189841
0.0000003318934675950294415
0.0000003372929293523574032
0.0000003418712495813517008
0.0000003456325701547798762
0.0000003485754070061281546
0.0000003506935980561403919
0.0000003519781369204061380
0.0000003524197132512906869
0.0000003520115871566340471
0.0000003507524470464613685
0.0000003486489372319635697
0.0000003457172320867809268
0.0000003419837032366973566
0.0000003374842591097866596
0.0000003322623722170972580
0.0000003263658430090998720
0.0000003198432686404494267
0.0000003127412866497952238
0.0000003051026976440035323
0.0000002969660309778208066
0.0000002883657941413152414
0.0000002793328124413668297
0.0000002698943251248117431
0.0000002600737992298722370
0.0000002498906210795444925
0.0000002393601012943382215
0.0000002284938832329889392
0.0000002173008445841317458
0.0000002057882206826985434
0.0000001939627206645621629
0.0000001818315359795215434
0.0000001694032355519073227
0.0000001566885813453935361
0.0000001437013157720717245
0.0000001304589195831658931
0.0000001169833571501038409
0.0000001033017740965641597
0.0000000894471596939628188
0.0000000754589607817491416
0.0000000613835972048916149
0.0000000472744635030240441
0.0000000331913624130396741
0.0000000191996949225798075
0.0000000053694277712212101
-0.0000000082263272418956347
-0.0000000215131335511164399
-0.0000000344174848209286741
-0.0000000468693370891205311
-0.0000000588043098700119693
-0.0000000701654372310561656
-0.0000000809039927449948240
-0.0000000909797272205648255
-0.0000001003608617739950894
-0.0000001090239155731425741
-0.0000001169534303093906555
-0.0000001241415668201273309
-0.0000001305876198335999829
-0.0000001362974880003285590
-0.0000001412830498476505411
-0.0000001455614070327259480
-0.0000001491540509628535949
-0.0000001520859673751547459
-0.0000001543847418483639826
-0.0000001560796572030232676
-0.0000001572008300747115068
-0.0000001577783941197439343
-0.0000001578418309713766529
-0.0000001574194182890647857
-0.0000001565378379671523434
-0.0000001552221225021663194
-0.0000001534959574273092122
-0.0000001513822876808567106
-0.0000001489041861875763272
-0.0000001460858846788769272
-0.0000001429538709525526084
-0.0000001395379775329419447
-0.0000001358723934672891083
-0.0000001319965304490499937
-0.0000001279556750447151837
-0.0000001238011951648272950
-0.0000001195900486460608971
-0.0000001153834766027560050
-0.0000001112447777755104245
-0.0000001072361512469940795
-0.0000001034146627629728100
-0.0000000998276033597471100
-0.0000000965077510884034818
-0.0000000934692316616600173
-0.0000000907047679912537192
-0.0000000881850259035211012
-0.0000000858604643544355815
-0.0000000836655656925222261
-0.0000000815247898746406488
-0.0000000793593804162068620
-0.0000000770939099208748471
-0.0000000746615328870389157
-0.0000000720074367227128603
-0.0000000690901963211838572
-0.0000000658808941810561433
-0.0000000623594769977656918
-0.0000000585085892826656836
-0.0000000543069182306013697
-0.0000000497250769323992980
-0.0000000447243248696937468
-0.0000000392564600052175893
-0.0000000332637411963758201
-0.0000000266800481231945234
-0.0000000194336021323553560
-0.0000000114509158674160032
-0.0000000026614842025646775
0.0000000069977199478454212
0.0000000175783487787226273
0.0000000291172607518402501
0.0000000416344294604445709
0.0000000551325700859463851
0.0000000695980685050035519
0.0000000850025089377876295
0.0000001013038020557103510
0.0000001184477200631154885
0.0000001363705690633643334
0.0000001572419816060786329
0.0000001780812848252151151
0.0000001987971302873798280
0.0000002193769401106893527
0.0000002398461777245209830
0.0000002602442362283773078
0.0000002806126793124101029
0.0000003009903078401874909
0.0000003214115178972967968
0.0000003419060915713047478
0.0000003624995331072378355
0.0000003832135567445740257
0.0000004040665648020013615
0.0000004250740669503983495
0.0000004462490367891532928
0.0000004687423184802891133
0.0000004916943182807653998
0.0000005151261373754976436
0.0000005390420807129743292
0.0000005634247475669506637
0.0000005882362899980165338
0.0000006134198756766810885
0.0000006389014997447950861
0.0000006645909517967064378
0.0000006903794416228965440
0.0000007161409268621896784
0.0000007401117099474661005
0.0000007635313481501689639
0.0000007862873149862525854
0.0000008084263341849351217
0.0000008300620519999477900
0.0000008513126814455393852
0.0000008722760141392212133
0.0000008930251490473725697
0.0000009160581079994223013
0.0000009390189573367364414
0.0000009619058507146496346
0.0000009847132479462890693
0.0000010074325514735673375
0.0000010300525092144207637
0.0000010525595133513938186
0.0000010749378682460793876
0.0000010971699515008444453
0.0000011192362996361491431
0.0000011411156918943300259
0.0000011627853343953711171
0.0000011842213642903483065
0.0000012053996508233786340
0.0000012262965639213979290
0.0000012468887712315778604
0.0000012656394679362936183
0.0000012839085567589885475
0.0000013016090320499727228
0.0000013187132227729447444
0.0000013352285504198517395
0.0000013537447167884176903
0.0000013718518618955898718
0.0000013895425499126005723
0.0000014068110545324486106
0.0000014236538301421929457
0.0000014400699987585902102
0.0000014560618023906774846
0.0000014716349913948361523
0.0000014867991384225730335
0.0000015015679303067553909
0.0000015159594398485958356
0.0000015299963045775704870
0.0000015437056637049167414
0.0000015571185984330276008
0.0000015702689108808237466
0.0000015831911083278861097
0.0000015959170947375869794
0.0000016084712818529617982
0.0000016208641021490769787
0.0000016330842342413419900
0.0000016450904601849687521
0.0000016568045894992052035
0.0000016681073669386992766
0.0000016788394040274954560
0.0000016888089067876308922
0.0000016978068552332646754
0.0000017056287569653900731
0.0000017120990585107723641
0.0000017170928691093378815
0.0000017205499335180507038
0.0000017224778827383580336
0.0000017229452253094760830
0.0000017220682700217154750
0.0000017199945848304813844
0.0000017168863863428217454
0.0000017129057656711391379
0.0000017014890208794060335
0.0000016906296251310226114
0.0000016803698717977797945
0.0000016706625599063209896
0.0000016614227144654963881
0.0000016525567730686986762
0.0000016439762416447353842
0.0000016356028085214356826
0.0000016273693101038963516
0.0000016192189198646129168
0.0000016111037338763009095
0.0000016029832862235231868
0.0000015948232089537013679
0.0000015865941015806585241
0.0000015782706099226545624
0.0000015698306892482742839
0.0000015612550203251713754
0.0000015525265483555388148
0.0000015436301189382530128
0.0000015345521898902496134
0.0000015252806020804102905
0.0000015158043957943963237
0.0000015064946523140878366
0.0000014967280372148147112
0.0000014863950200613916870
0.0000014753639330883317957
0.0000014623227426545780370
0.0000014472119688130829059
0.0000014299903153259465233
0.0000014109034041181921991
0.0000013903797896321444098
0.0000013689313504269811991
0.0000013470714695391364045
0.0000013252587146258825877
0.0000013073864906625509536
0.0000012894196405119962439
0.0000012713717892938808997
0.0000012532160735994859706
0.0000012349097021661966150
0.0000012164236664854472810
0.0000011977588603910220071
0.0000011773430599110364097
0.0000011574783394289608000
0.0000011385972625638086469
0.0000011210494045782245053
0.0000011050339016012780425
0.0000010906038999286545712
0.0000010777042511370485914
0.0000010662148191100587237
0.0000010559858936180093195
0.0000010468622104011514304
0.0000010386969615702892749
0.0000010313586307312154311
0.0000010211780982194755791
0.0000010108444735502965443
0.0000010002977369417198190
0.0000009894882258973337555
0.0000009783815621191839463
0.0000009669627955966983405
0.0000009618463221033305542
0.0000009571898848948630578
0.0000009529706896998533501
0.0000009491554105401768223
0.0000009382469321745412656
0.0000009271137070246868236
0.0000009158373495400461239
0.0000009045261483302907206
0.0000008933133794227641215
0.0000008823528554865299974
0.0000008718119483521428255
0.0000008618624330222620914
0.0000008526701728729909203
0.0000008443845101337701626
0.0000008371279798580259064
0.0000008309871554196837105
0.0000008317589129552035564
0.0000008331859912701015759
0.0000008351497096811753866
0.0000008374951663513960281
0.0000008400718139380250810
0.0000008427550145395008831
0.0000008454529020041126978
0.0000008433255775261758788
0.0000008420500199319792501
0.0000008415596924227844461
0.0000008417825411217149457
0.0000008426480742440339969
0.0000008440924783684179589
0.0000008460616247102166472
0.0000008485125616857061438
0.0000008514141779812109964
0.0000008547473569291759707
0.0000008585047112142737733
0.0000008626897340688762118
0.0000008673153139598869634
0.0000008724010628943362874
0.0000008779699857792293013
0.0000008840449303964367875
0.0000008897529517555313074
0.0000008962337347892729945
0.0000009035477968677603330
0.0000009117568216346753971
0.0000009209209413822436179
0.0000009310947844574326235
0.0000009423220982025981815
0.0000009546289624525637339
0.0000009680160462052348775
0.0000009824511412899377061
0.0000009978644193700515478
0.0000010141504940008531250
0.0000010311832435460030075
0.0000010488511309474912612
0.0000010671223456045242106
0.0000010829791076634220026
0.0000010991867751736690566
0.0000011157117953026174256
0.0000011325177530989695341
0.0000011495688394044066826
0.0000011668289094516808879
0.0000011842586867148008233
0.0000012018105786861783385
0.0000012194217763452259927
0.0000012370107883677670251
0.0000012544800340800012147
0.0000012789645389037158193
0.0000013045692849602576790
0.0000013309961594002916609
0.0000013577864352411030274
0.0000013842964681613613914
0.0000014097003901491666997
0.0000014330426139957608969
0.0000014533634655795999313
0.0000014618597912988875118
0.0000014685884844267743245
0.0000014736682993669332538
0.0000014772587524342643758
0.0000014795447724640478189
0.0000014807215638585268061
0.0000014809811888873216845
0.0000014805006533063065843
0.0000014794298683669813697
0.0000014778898061113803246
0.0000014759743552857217587
0.0000014737528355129780672
0.0000014712723863753931352
0.0000014685603789676879837
0.0000014656281557995262108
0.0000014624772366731593008
0.0000014617229484856075247
0.0000014607121194112023805
0.0000014594367659056074085
0.0000014578869189335673459
0.0000014560500059165651772
0.0000014515326669792832829
0.0000014467802076614500918
0.0000014417843129493792585
0.0000014365362740875158755
0.0000014310266612849780754
0.0000014252449770062037992
0.0000014191793382910446638
0.0000014128162674358554994
0.0000014061406982490641166
0.0000013991363511677562701
0.0000013917866880270408391
0.0000013840766871119007179
0.0000013759956397239685850
0.0000013675409590211761016
0.0000013587226269923170208
0.0000013495674724186559028
0.0000013401218517224596560
0.0000013304510763912563678
0.0000013206344684360665330
0.0000013107562912243902092
0.0000013008944700672427292
0.0000012911103663091468320
0.0000012814425931961748966
0.0000012719061785452084444
0.0000012624963493867202771
0.0000012531948523204042796
0.0000012439765125086710244
0.0000012348148026765107421
0.0000012256857778237049646
0.0000012165701999702469404
0.0000012074542070883841726
0.0000011983290140243971240
0.0000011891900505366954204
0.0000011800358216072222020
0.0000011708667132293082727
0.0000011616839986598338029
0.0000011531876254976381354
0.0000011446504427916501592
0.0000011360712820217829606
0.0000011274489398310574460
0.0000011187821949220580249
0.0000011100698498163290301
0.0000011013108004108054174
0.0000010925041227244395851
0.0000010836491675147821973
0.0000010747456665323963256
0.0000010657938715742353223
0.0000010567947489161404531
0.0000010477502650995641208
0.0000010386638243420651097
0.0000010295409581485411774
0.0000010203902775359147738
0.0000010112244297654593837
0.0000010020607511246332076
0.0000009929210719346222359
0.0000009838297555573265569
0.0000009748087879763324991
0.0000009658687158185225096
0.0000009568742663071088760
0.0000009479061011803399455
0.0000009389635981701814266
0.0000009300484515794402963
0.0000009213560821921720969
0.0000009127114581766923631
0.0000009041199228320725525
0.0000008955889306394248783
0.0000008871273169190711224
0.0000008787430141675223849
0.0000008704389959627192893
0.0000008622081821378507068
0.0000008537244795907717508
0.0000008452699018941724048
0.0000008368489804209118325
0.0000008284685493006103357
0.0000008201361957871644454
0.0000008118594680159097613
0.0000008036460007959865284
0.0000007957479382964984830
0.0000007878909612498627964
0.0000007800714622667943937
0.0000007722851944709580202
0.0000007645271838025330949
0.0000007567917518430784033
0.0000007490728019791524776
0.0000007413646281950149585
0.0000007336636081715467026
0.0000007259710961536233881
0.0000007182973280527279218
0.0000007106648693038463544
0.0000007030945738478914117
0.0000006956733747250054024
0.0000006884150548057062342
0.0000006813297834076128814
0.0000006744269697907685204
0.0000006677168025512769338
0.0000006608390462227670848
0.0000006541087376877095934
0.0000006475681835749350951
0.0000006412606576253302397
0.0000006354690982739512296
0.0000006299174226939349025
0.0000006245835088901391074
0.0000006194359969514582138
0.0000006144387664584107489
0.0000006095560683566368076
0.0000006047564581082086040
0.0000006000145674091628459
0.0000005953108678680607223
0.0000005906297412971386308
0.0000005859564232876627471
0.0000005812739881947625509
0.0000005758179243560145822
0.0000005703583441386528958
0.0000005648758998753252368
0.0000005593468178469402869
0.0000005537435668023302003
0.0000005480394252990560543
0.0000005422228687458126376
0.0000005373849020125832098
0.0000005324928336258342425
0.0000005275507123243574741
0.0000005225650362099938599
0.0000005175427039958603672
0.0000005124902610189541612
0.0000005074136776898595910
0.0000005023178693198734823
0.0000004972056799330899453
0.0000004920766371059568070
0.0000004869257326533727433
0.0000004817426966203432768
0.0000004765118212748590264
0.0000004712126022707276228
0.0000004658209910065403316
0.0000004603111404969379545
0.0000004546574678455783198
0.0000004488367311077421553
0.0000004428297991743215652
0.0000004366228554356808014
0.0000004302079124959135791
0.0000004235826498235435714
0.0000004167496904965152652
0.0000004097155038507941818
0.0000004024891225076826875
0.0000003950808372085696145
0.0000003875011441651823465
0.0000003797600962551275790
0.0000003718672384820464440
0.0000003638323103717632482
0.0000003556666423481881423
0.0000003473848659559846215
0.0000003390063130625350484
0.0000003305549059794009668
0.0000003220571464504100180
0.0000003135400799085870524
0.0000003050317726031696684
0.0000002965613112573580911
0.0000002881583442842731864
0.0000002798524552004569309
0.0000002716725762338599443
0.0000002636464560341201451
0.0000002558002382105923661
0.0000002481581958668994536
0.0000002407425538766587917
0.0000002335733571848087928
0.0000002266683858549037053
0.0000002200431048491357467
0.0000002137106432824308831
0.0000002076818188393338889
0.0000002019652345941241797
0.0000001965674457506816413
0.0000001914931120676359403
0.0000001867451076022621969
0.0000001823244773557972435
0.0000001782302517266154736
0.0000001744592255633712313
0.0000001710057659578748423
0.0000001678617472940254184
0.0000001650166118442488489
0.0000001624575655378613637
0.0000001601698556429059092
0.0000001581370218661523654
0.0000001563411724700105873
0.0000001547634080014720823
0.0000001533459074008694420
0.0000001519604628751766233
0.0000001505421272253075973
0.0000001490531244258150608
0.0000001474805798291382152
0.0000001458263646255961366
0.0000001440991493489869809
0.0000001423097977555563138
0.0000001404690903810540446
0.0000001385867588165301967
0.0000001366711781484605008
0.0000001347293605403416372
0.0000001327670702273761242
0.0000001307889736603897952
0.0000001287987840056699837
0.0000001267993915888756336
0.0000001247929774399299278
0.0000001227811175422896507
0.0000001207648868237559457
0.0000001187449538700609380
0.0000001167216697689131978
0.0000001146951420696153165
0.0000001126652921162743671
0.0000001106318970208861165
0.0000001085946158923667663
0.0000001065530072834341385
0.0000001045065394959915037
0.0000001024545984162841333
0.0000001003964942479866299
0.0000000983314674338834510
0.0000000962586938895851958
0.0000000941772896395724891
0.0000000920863148725976149
0.0000000899847774695340860
0.0000000878716359777483625
0.0000000857458019631276917
0.0000000836061416864077035
0.0000000814514771965678415
0.0000000792805871025529964
0.0000000770922080204972178
0.0000000748850376551202164
0.0000000726577391149873107
0.0000000704089468082934931
0.0000000681372719799148675
0.0000000658413071711698497
0.0000000635196304054774481
0.0000000611708095997349361
0.0000000587934087727656677
0.0000000563859975816755460
0.0000000539471660473072466
0.0000000514755460238110670
0.0000000489698373307922984
0.0000000464288415497350673
