11.0000000000000000000000000
0.0000004283069160202329021
0.0000004084407080884711593
0.0000003889572613363084766
0.0000003698565722322183808
0.0000003511386351021221348
0.0000003328034350993586409
0.0000003148509383505675658
0.0000002972810841067899309
0.0000002800937789536068001
0.0000002632888922830503279
0.0000002468662531542238412
0.0000002308256476089212342
0.0000002151668156298765704
0.0000001998894456078620743
0.0000001849931695737825257
0.0000001704775601286651964
0.0000001563421295707557636
0.0000001425863297724670018
0.0000001292095517497117893
0.0000001162111244438116682
0.0000001035903127717871691
0.0000000913463151963059809
0.0000000794782615757125572
0.0000000679852126892784452
0.0000000568661639567726931
0.0000000461200578593677789
0.0000000357458140211438431
0.0000000257423811545100217
0.0000000161087663044562789
0.0000000068439692848923668
-0.0000000020530368905730581
-0.0000000105833060345205080
-0.0000000187479187836580750
-0.0000000265479825691172168
-0.0000000339846315602718432
-0.0000000410590265843577921
-0.0000000477723550255951022
-0.0000000541258307093260859
-0.0000000601206937789605862
-0.0000000657582105763805557
-0.0000000710396735400198580
-0.0000000759664011392654702
-0.0000000805397378693111884
-0.0000000847610543373731545
-0.0000000886317474795304361
-0.0000000921532409577386465
-0.0000000953269857992135723
-0.0000000981544613559219455
-0.0000001006371766810177252
-0.0000001027766724425341855
-0.0000001045745235235167452
-0.0000001060323424933500414
-0.0000001071517841789236295
-0.0000001079345509302055100
-0.0000001083823951878529165
-0.0000001084971165776057884
-0.0000001082805608153450152
-0.0000001077346316684899591
-0.0000001068613132129043157
-0.0000001056627013127560088
-0.0000001041410433266578224
-0.0000001022987792943332296
-0.0000001001385917734095908
-0.0000000976634692940816863
-0.0000000948767874629758920
-0.0000000917824132135201019
-0.0000000883848398426150801
-0.0000000846893636602832041
-0.0000000807023178880699221
-0.0000000764313766737275631
-0.0000000718858481408409762
-0.0000000670768493523597046
-0.0000000620179363275661953
-0.0000000567261407625122339
-0.0000000512234467173205565
-0.0000000455389151279986867
-0.0000000397115193352482165
-0.0000000337932586909609855
-0.0000000278507390842013502
-0.0000000219605629729424592
-0.0000000161909502139690853
-0.0000000044648228053891549
0.0000000069096747537705358
0.0000000179425049210075817
0.0000000286535682438667852
0.0000000390736415572068777
0.0000000492458553531399403
0.0000000641140084550341892
0.0000000782242444552595739
0.0000000915767531684685442
0.0000001042031027305556429
0.0000001161564080053530586
0.0000001274988853457490044
0.0000001382928070252218032
0.0000001485953635099795402
0.0000001584563944599346546
0.0000001679178876586858762
0.0000001770144455510697877
0.0000001857741025086739162
0.0000001942191910043873444
0.0000002023671710517854633
0.0000002102313992818890342
0.0000002187805824623725463
0.0000002277750331882064067
0.0000002372107456281312519
0.0000002449219615958700150
0.0000002522892030510217297
0.0000002592821364651539090
0.0000002658784917568824643
0.0000002720659411365745007
0.0000002778419261480107525
0.0000002832120754604080565
0.0000002881879249518630436
0.0000002927845440532454683
0.0000002970184674977467815
0.0000003009061201073217940
0.0000003044627611644594120
0.0000003077018801969212102
0.0000003106349378593899784
0.0000003132713438619098104
0.0000003156185809751769096
0.0000003176824066695888779
0.0000003226532148876158371
0.0000003271542762749628968
0.0000003282357181551295956
0.0000003289724235295948186
0.0000003293343978184860446
0.0000003293215100741134358
0.0000003289534571648287843
0.0000003282610674874528583
0.0000003272791899990092126
0.0000003260414995426012704
0.0000003268013795711188081
0.0000003269605730893353720
0.0000003265172416435806482
0.0000003254779822731509322
0.0000003238590890583167034
0.0000003216884683530770205
0.0000003190065790967041904
0.0000003158660050681881069
0.0000003123295111706290345
0.0000003084666153662113182
0.0000003043488406304151465
0.0000003000441536581113100
0.0000002956112909871248438
0.0000002910956807661387650
0.0000002862207478685442899
0.0000002810079733180007377
0.0000002754527222802802598
0.0000002695499265000700123
0.0000002632941816744215523
0.0000002566799227275527837
0.0000002497017111307300381
0.0000002423546787924968619
0.0000002346351835148340221
0.0000002265417384287603426
0.0000002180762755126162847
0.0000002092457790847814985
0.0000002023107325389995144
0.0000001953141761696054844
0.0000001882268938663560097
0.0000001810194611503499289
0.0000001736659371017584069
0.0000001661463750334913863
0.0000001557036954771500783
0.0000001450951450558384366
0.0000001344216580736011423
0.0000001237898608854587495
0.0000001132918084766592658
0.0000001052510928799796935
0.0000000971375566923590104
0.0000000889356528797711591
0.0000000806254764539352418
0.0000000721827159501432378
0.0000000635784683484666336
0.0000000547802535681191155
0.0000000457537883828285769
0.0000000364652061448636332
0.0000000268832047329427928
0.0000000169802277628065123
0.0000000067319778215944315
-0.0000000058862481784633538
-0.0000000191081080664174146
-0.0000000329531052775206847
-0.0000000474194997944572677
-0.0000000624733151538427668
-0.0000000780394952295849423
-0.0000000940058513255296810
-0.0000001076821605754545395
-0.0000001218002796696241712
-0.0000001363938082902832619
-0.0000001515066588467667257
-0.0000001671859243611021242
-0.0000001834752150337603303
-0.0000002004100527325120374
-0.0000002180148757928630266
-0.0000002363010959281854997
-0.0000002552657172929089794
-0.0000002748901842748342667
-0.0000002951400044242305711
-0.0000003159634245229315771
-0.0000003372904086563468478
-0.0000003590324127722641520
-0.0000003810832728078290654
-0.0000004033211721017535956
-0.0000004256116742851820653
-0.0000004478117005833458306
-0.0000004697742248622260982
-0.0000004913533268544021974
-0.0000005124092068877016449
-0.0000005328127127106772216
-0.0000005524490273493163523
-0.0000005712203103302615494
-0.0000005890472408012848475
-0.0000006058694906973712925
-0.0000006216452755691838238
-0.0000006363501586273514530
-0.0000006499753369954768706
-0.0000006625255959928395042
-0.0000006740170721059796137
-0.0000006844749298893942034
-0.0000006939310550153824718
-0.0000007024219112881770295
-0.0000007099865813642612305
-0.0000007166651642647220471
-0.0000007224977115135861714
-0.0000007275233687690846152
-0.0000007317792366214374612
-0.0000007352992608075205962
-0.0000007381132245379474272
-0.0000007402465776978746790
-0.0000007417213147866902696
-0.0000007425573073241582634
-0.0000007427738544429067826
-0.0000007423914039519690265
-0.0000007414333402183495644
-0.0000007399277242131321091
-0.0000007379087897706847549
-0.0000007354184755167917192
-0.0000007325076047089330429
-0.0000007292358944051743112
-0.0000007256714889581616683
-0.0000007218875842230377362
-0.0000007179553541700796492
-0.0000007134617987923980995
-0.0000007086184317976143200
-0.0000007041838860609639898
-0.0000006997163042608680503
-0.0000006942578709756667855
-0.0000006885603912299568010
-0.0000006826346067465828844
-0.0000006764907980480193310
-0.0000006701359472918275259
-0.0000006635735100274813811
-0.0000006568041571182335671
-0.0000006498266986245057212
-0.0000006426388839097947143
-0.0000006352379980008313161
-0.0000006276212643539479475
-0.0000006197860936250993385
-0.0000006117302209674339589
-0.0000006041512048284220387
-0.0000005962546245296634137
-0.0000005880230673857145071
-0.0000005794389444971000655
-0.0000005704845156698509431
-0.0000005611414983064429564
-0.0000005513905628809719593
-0.0000005412111367538810863
-0.0000005305817176252109120
-0.0000005194807861566942489
-0.0000005078883120164355047
-0.0000004957877581024960039
-0.0000004831683673871352541
-0.0000004710831559187029627
-0.0000004584682842573646322
-0.0000004452973846365151210
-0.0000004315463054104119340
-0.0000004171967729531715690
-0.0000004022418134087311359
-0.0000003866931628957930995
-0.0000003705903830350159696
-0.0000003540103491656624130
-0.0000003370741201366518815
-0.0000003199463078481125969
-0.0000003028210811973862697
-0.0000002858906587960965472
-0.0000002692976561866508336
-0.0000002530799437236696316
-0.0000002365765392480408502
-0.0000002200489049648682631
-0.0000002034889019371447208
-0.0000001874832175055224234
-0.0000001713960095382011492
-0.0000001552308840566424943
-0.0000001389923270344713820
-0.0000001226858664938387978
-0.0000001063182487067673608
-0.0000000898976205850368025
-0.0000000734337028063773629
-0.0000000569379266988020818
-0.0000000404234903667424969
-0.0000000239052640967799193
-0.0000000073994395414311766
0.0000000090772341466911520
0.0000000255088503863671923
0.0000000418826905388438068
0.0000000581929471163521547
0.0000000744464696224125128
0.0000000904502796652978980
0.0000001063870314580833505
0.0000001225462979813789997
0.0000001387304541454585903
0.0000001549356245370604108
0.0000001711533648437967728
0.0000001873679121432946936
0.0000002035526980694955984
0.0000002196672183568142446
0.0000002356575383055397096
0.0000002511480255100269178
0.0000002665685277900519170
0.0000002819123064386817135
0.0000002971712112350815064
0.0000003123359538762298421
0.0000003273967597876679311
0.0000003423438799130467472
0.0000003571679557936609327
0.0000003718602341038639189
0.0000003864127020029609475
0.0000004008181538392448320
0.0000004150702173217455346
0.0000004291633814452278821
0.0000004430929806243708449
0.0000004568551846844315556
0.0000004704472096097769220
0.0000004838675870678819478
0.0000004971163025424532663
0.0000005101949086888371108
0.0000005231066484830281554
0.0000005358566567548450856
0.0000005484523278754885839
0.0000005609038706658469446
0.0000005732250481021485618
0.0000005854340207126419516
0.0000005975540091223959810
0.0000006096136940740570140
0.0000006216475940755189879
0.0000006336959066959584158
0.0000006458038398729271435
0.0000006580204577253227587
0.0000006703969165866021896
0.0000006829839809850343906
0.0000006958291611423850523
0.0000007089738950066345667
0.0000007224512581176895879
0.0000007362844466016383510
0.0000007504859635595689826
0.0000007650575060693020143
0.0000007799905440748004734
0.0000007952674814229004900
0.0000008108632047556357349
0.0000008267468396801878215
0.0000008428835446215144807
0.0000008592362238657099910
0.0000008757671194119656883
0.0000008924392001438239966
0.0000009092172831147043834
0.0000009260688750084422472
0.0000009429647608091180351
0.0000009598793590641891037
0.0000009767908390150744599
0.0000009936809479618356989
0.0000010105347753790876304
0.0000010273407644453207478
0.0000010440906550070585054
0.0000010607791913783953232
0.0000010774037822184529806
0.0000010939641853344200664
0.0000011104622278750113826
0.0000011269015788604295865
0.0000011432875791372708690
0.0000011596271530757412734
0.0000011759288207504408866
0.0000011922028103296436476
0.0000012084612531367203312
0.0000012247184134932261053
0.0000012409908472219658299
0.0000012572972811300610610
0.0000012736579178667536731
0.0000012900928830777756861
0.0000013066195621587874788
0.0000013232488686552004362
0.0000013399811850742802591
0.0000013568034244981265298
0.0000013736884881066798113
0.0000013905980591842943827
0.0000014074883495800840079
0.0000014243175217648986956
0.0000014410528436660685861
0.0000014576744146248940834
0.0000014741736979625830530
0.0000014905479233042060061
0.0000015067931115290644193
0.0000015229007002502000426
0.0000015388597869410023802
0.0000015546595477211266056
0.0000015703306288792963876
0.0000015857310965283671395
0.0000016008845798716647310
0.0000016159387021671833986
0.0000016308503602111867585
0.0000016455533749534167102
0.0000016601161297290333753
0.0000016745343054060663766
0.0000016888022830868847797
0.0000017029127619500811261
0.0000017168562740530748919
0.0000017306206192225889727
0.0000017441903483342041499
0.0000017575466923073927855
0.0000017706689387888130094
0.0000017835393900957546450
0.0000017961554804033047055
0.0000018088854541250937633
0.0000018214615372834411229
0.0000018338932573414679141
0.0000018461862871788053936
0.0000018583427380541093999
0.0000018703635446304085248
0.0000018822491095314730533
0.0000018939993526945851993
0.0000019056137511303857171
0.0000019170913816920972835
0.0000019284310139863196663
0.0000019396313928914284639
0.0000019506916638069659099
0.0000019616116580917799701
0.0000019723920148795543490
0.0000019830341734941752076
0.0000019935402668330960868
0.0000020039129521487656308
0.0000020141551999489974295
0.0000020242700880174185530
0.0000020342606050807166053
0.0000020441294800976479109
0.0000020538790159909999006
0.0000020635108367156595614
0.0000020730257414408802095
0.0000020824240165739559222
0.0000020917058119374128770
0.0000021008710476496075445
0.0000021099190961949756945
0.0000021188483163649541809
0.0000021276557380193196897
0.0000021363370784276082969
0.0000021448868657357608704
0.0000021532985829082157613
0.0000021615648193078407295
0.0000021696774179646662201
0.0000021776276138221833518
0.0000021854061572673351012
0.0000021930034256427417755
0.0000022004095208065138033
0.0000022076143557141084125
0.0000022146077279496307820
0.0000022213793751603965536
0.0000022279190052207326548
0.0000022342162863274245347
0.0000022402608169429938587
0.0000022460422000796909245
0.0000022515502728532685875
0.0000022567754816542906345
0.0000022617093047111050811
0.0000022663445435017523731
0.0000022706754776577350650
0.0000022746979233864331494
0.0000022784092137734189374
0.0000022818081205817809058
0.0000022848947238991084808
0.0000022876701998167131155
0.0000022901365702020980279
0.0000022922964556771050195
0.0000022941528665967570579
0.0000022957090527082844076
0.0000022969683843618167622
0.0000022979342564801361964
0.0000022986099984758418876
0.0000022989987914865694883
0.0000022991036334547017754
0.0000022989273697144708000
0.0000022984727642232202684
0.0000022977426295951139016
0.0000022967399950899539389
0.0000022954683163531036102
0.0000022939316629317125728
0.0000022921348657843150185
0.0000022900836162924543949
0.0000022877845061456530883
0.0000022852450191141081386
0.0000022824734739902653468
0.0000022794789339257494873
0.0000022762710844638435553
0.0000022728601193290771108
0.0000022692566366740051386
0.0000022654715533131499782
0.0000022615160333033960844
0.0000022574014265347061334
0.0000022531392133676651543
0.0000022487409512135392958
0.0000022442182192396202865
0.0000022395825563141246582
0.0000022348453894852727789
0.0000022300179490775802021
0.0000022251111686630946069
0.0000022201355678423468299
0.0000022151011197470980003
0.0000022100171049307937220
0.0000022048919538991515029
0.0000021997330828647709035
0.0000021945467303807292565
0.0000021893378020640450707
0.0000021841097330164002770
0.0000021788643743803234595
0.0000021736019137685734360
0.0000021683208387420792643
0.0000021630178627533770194
0.0000021576877840399586222
0.0000021523234900541059233
0.0000021469161322568854073
0.0000021414554435179026250
0.0000021359301587954017163
0.0000021303285053684348956
0.0000021246387258156179039
0.0000021188495965170266491
0.0000021129509130675445853
0.0000021069339243085871532
0.0000021007916918203657029
0.0000020945193645861285485
0.0000020881143442555912489
0.0000020815763167299663887
0.0000020749071011123606757
0.0000020681103562992220406
0.0000020611913559414147991
0.0000020541570031378954282
0.0000020470159125198522467
0.0000020397784374436703121
0.0000020324566350231963668
0.0000020250641797043566744
0.0000020176162317070726873
0.0000020101292663647926308
0.0000020026208738936539704
0.0000019951095401484446962
0.0000019876144218322525845
0.0000019801551427429709505
0.0000019727516002246121340
0.0000019654237506723847364
0.0000019581913755648688010
0.0000019510738210633043346
0.0000019440897330744555434
0.0000019372568305933558567
0.0000019305916994387552849
0.0000019241095921067587534
0.0000019178242446821867234
0.0000019117477238040852549
0.0000019058903116346010463
0.0000019002604405385002483
0.0000018948646691620008855
0.0000018897076868705603681
0.0000018847923727573069654
0.0000018801199217476426915
0.0000018756900439292996259
0.0000018715012328770458841
0.0000018675511099832094979
0.0000018638368513842120318
0.0000018603555908011505035
0.0000018571046996242948064
0.0000018540817929156900286
0.0000018512844894820152386
0.0000018487100616165615804
0.0000018463551256840203666
0.0000018442154772607112192
0.0000018422859768337115302
0.0000018405604759828416450
0.0000018390317977619227900
0.0000018376917280805747055
0.0000018365309202263543585
0.0000018355387019168730737
0.0000018347027741858088417
0.0000018340088803883622337
0.0000018334405546740070219
0.0000018329790772738568490
0.0000018326037269837790070
0.0000018322923695947797282
0.0000018320222728989343608
0.0000018317710674723900132
0.0000018315176506080525839
0.0000018312429585950951881
0.0000018309305601958744806
0.0000018305670776010084138
0.0000018301424370864726947
0.0000018296500028428311702
0.0000018290865887306709888
0.0000018284523818371181082
0.0000018277507764095142257
0.0000018269881590508066993
0.0000018261736624548481655
0.0000018253189250902171157
0.0000018244378641085548734
0.0000018235464676213637717
0.0000018226625813840903019
0.0000018218056688278689210
0.0000018209964317067508292
0.0000018202563265375230143
0.0000018196070489429374700
0.0000018190700638421519327
0.0000018186663284993929305
0.0000018184161731408577024
0.0000018183392855018923420
0.0000018184547630763830495
0.0000018187812062262825940
0.0000018193368273144105456
0.0000018201396176735000156
0.0000018212077700236362934
0.0000018225598974855819986
0.0000018242149152022509697
0.0000018261922941072917373
0.0000018285131950172399288
0.0000018318803726345580567
0.0000018350128591937682760
0.0000018385415178237814642
0.0000018424781297617618304
0.0000018468325256427465753
0.0000018516154391425568939
0.0000018568412611288839155
0.0000018625293603200843777
0.0000018687034739706724371
0.0000018753899658792661430
0.0000018826162246134796725
0.0000018904093896479797864
0.0000018987962710963722936
0.0000019078038185687960210
0.0000019174601058881795605
0.0000019277945970050099673
0.0000019388371173533891732
0.0000019506154994168444056
0.0000019631517882035036102
0.0000019764562749985739587
0.0000019905213089606023235
0.0000020053185102904519462
0.0000020208010367881444002
0.0000020369134175801127490
0.0000020536006218918191213
0.0000020708125338823870196
0.0000020885058323107314692
0.0000021066447532785106858
0.0000021251999998973756040
0.0000021441466263565223968
0.0000021634619859696491974
0.0000021831239613968073002
0.0000022031096425570272469
0.0000022233948030111372774
0.0000022439546086309392908
0.0000022647650263096340380
0.0000022858026079635190631
0.0000023070413087106678664
0.0000023284436212571017798
0.0000023498148562449191882
0.0000023707107691386410968
0.0000023909431505872393520
0.0000024104214686471232045
0.0000024291205134764026076
0.0000024470499308826346909
0.0000024642349335676408616
0.0000024807058655555979396
0.0000024964930812539404139
0.0000025116246747781816106
0.0000025261256680830602472
0.0000025400178601909604239
0.0000025570011568917022867
0.0000025736422148356918577
0.0000025898994912369950841
0.0000026057320289557712503
0.0000026211011596566003074
0.0000026359707175563691632
0.0000026503048644374092141
0.0000026640631114101114921
0.0000026771927285368624547
0.0000026896198151038001123
0.0000027012422440926840399
0.0000027119285002376781565
0.0000027215269590056066949
0.0000027298882448607951461
0.0000027368975753264674563
0.0000027425064851538357081
0.0000027467497041620359075
0.0000027497382068990581425
0.0000027516314450466237415
0.0000027526015042894659603
0.0000027528026911252154520
0.0000027523537889602547584
0.0000027513329017676342449
0.0000027497807979218564787
0.0000027477082404228733640
0.0000027451042551657080865
0.0000027409539254421051809
0.0000027366000346805051032
0.0000027319544820807473410
0.0000027269563197841076597
0.0000027215655532111744187
0.0000027157576356039447196
0.0000027095187387806984688
0.0000027028421311929357111
0.0000026957256134091583456
0.0000026881697878589076455
0.0000026801769191627319725
0.0000026717501961032331480
0.0000026628932639637707852
0.0000026536099395713106404
0.0000026439040476933199399
0.0000026337793173525867031
0.0000026232392291704755836
0.0000026122868148454407217
0.0000026009246441872027356
0.0000025879284242551758888
0.0000025741970277812436573
0.0000025597032005722690040
0.0000025443643593919218642
0.0000025296926278143884459
0.0000025132307417905900075
0.0000024948441906804620359
0.0000024747687943554079213
0.0000024534704158968662602
0.0000024315032309049416240
0.0000024093969104580658653
0.0000023875883374575940483
0.0000023663956316224987481
0.0000023460219473389048254
0.0000023237814401138277842
0.0000023014079211670098451
0.0000022789693934667197595
0.0000022565181631277434134
0.0000022340939207771047607
0.0000022117341211965141183
0.0000021894868090244841942
0.0000021674234701457608205
0.0000021456498336622985314
0.0000021299939762289950400
0.0000021151070553447451122
0.0000021012958062922622953
0.0000020886974299748899237
0.0000020772816032476430736
0.0000020669217101994993847
0.0000020574605215551886312
0.0000020487485189237897984
0.0000020406595574312866688
0.0000020330937196510615454
0.0000020259745992027534653
0.0000020124025888486008699
0.0000019992585083889337175
0.0000019865709503150454729
0.0000019743726389542611285
0.0000019627003573448336677
0.0000019515944239057609951
0.0000019410976525100399265
0.0000019312539127261873274
0.0000019221062953871184663
0.0000019136949845651124364
0.0000019060549276240378955
0.0000018992133881452030785
0.0000018931875503692412300
0.0000018879823050814733918
0.0000018835886956883343613
0.0000018799835245494685277
0.0000018771303338067184320
0.0000018749818703107813966
0.0000018766607239024779237
0.0000018785739297539962027
0.0000018805341981318214081
0.0000018824167256691015757
0.0000018841516230131167866
0.0000018857086614819138656
0.0000018870828329728851922
0.0000018882835263113667147
0.0000018893273630083266591
0.0000018890644076864899236
0.0000018892357641033377892
0.0000018898427067275418070
0.0000018908970480269606980
0.0000018924223144117434874
0.0000018944540831104704749
0.0000018970397658627701245
0.0000019002379800369562118
0.0000019041177462639999560
0.0000019087573609194188536
0.0000019142423183278964180
0.0000019206616508226317256
0.0000019299920485538347196
0.0000019387791143132944214
0.0000019487779530530325708
0.0000019600621175240230669
0.0000019726907139973066077
0.0000019867032163204124353
0.0000020021124532622482068
0.0000020188957906667826757
0.0000020369852130719785079
0.0000020562582550507190497
0.0000020765323265063373371
0.0000020975637315115328104
0.0000021190529466103625770
0.0000021406553825589411958
0.0000021619976347211845014
0.0000021826972724717741981
0.0000022023846737723132751
0.0000022207246366662813885
0.0000022374347362170532174
0.0000022522985318140247977
0.0000022651736173873352944
0.0000022759953072970730048
0.0000022847758472167259509
0.0000022915984893887145674
0.0000022920402434958317097
0.0000022960501643653981373
0.0000022985482102730252587
0.0000022997085039597355643
0.0000022997002292158304165
0.0000022986800136269826100
0.0000022967874466337824118
0.0000022941431268629628161
0.0000022908484994671717152
0.0000022869870304299349114
0.0000022826261334908418292
0.0000022778192260159471910
0.0000022726072200546154072
0.0000022670191808381231900
0.0000022610732131857979129
0.0000022547784093630310390
0.0000022501914548286893782
0.0000022453664058062204949
0.0000022403029536685033712
0.0000022350006247884664713
0.0000022294586869755336205
0.0000022236760542448401112
0.0000022176512336089967655
0.0000022113822489690057925
0.0000022048663779251151537
0.0000021980996697754372091
0.0000021910761506923873497
0.0000021837865862386968483
0.0000021762167652746467859
0.0000021663353043484287697
0.0000021560678895605298512
0.0000021453975020536331451
0.0000021343049556723979625
0.0000021227703022379339696
0.0000021107753000161880200
0.0000020983069441538199976
0.0000020853616634447366914
0.0000020719492481950610400
0.0000020580952148720738246
0.0000020438404279844628023
0.0000020292375345265279415
0.0000020143449030066685528
0.0000019992197146822998614
0.0000019839120880341680242
0.0000019684615396693701257
0.0000019528960935422328917
0.0000019372335421710148675
0.0000019214840040559398991
0.0000019056528759189556474
0.0000018897435090426375769
0.0000018737591857597974736
0.0000018577043417450647810
0.0000018415850330795276025
0.0000018254086616876062044
0.0000018091830753551936204
0.0000017947599078714669812
0.0000017801463458965684846
0.0000017653360692460037109
0.0000017503223950275285955
0.0000017350985179066017432
0.0000017196579090386860259
0.0000017039949267563406291
0.0000016881056889571826686
0.0000016719892596831902431
0.0000016556492258436005847
0.0000016390956940035479599
0.0000016223476187048672091
0.0000016054351493182169775
0.0000015884012971056506865
0.0000015713016518745223974
0.0000015542001746292888111
0.0000015371584520850352566
0.0000015202154869180000414
0.0000015033550016222420576
0.0000014862418704974197873
0.0000014692137584404181545
0.0000014522539382739158857
0.0000014353559637253529355
0.0000014183230592169070753
0.0000014010687897503511107
0.0000013835849278202942721
0.0000013658819917497276238
0.0000013480024780512926521
0.0000013300370916182404009
0.0000013121382191876027037
0.0000012945174953598201183
0.0000012774084104020821504
0.0000012618270449412899145
0.0000012465647084219873064
0.0000012315905353653395649
0.0000012168658099369811834
0.0000012023514085215576143
0.0000011880132373708087348
0.0000011738250498352187533
0.0000011597694864752826308
0.0000011458376309571927858
0.0000011318655882158994006
0.0000011180611357432744638
0.0000011044278341221492729
0.0000010909713449525747738
0.0000010777004481337314734
0.0000010646286622926873001
0.0000010517768046613145803
0.0000010391768511176193430
0.0000010268770127831430599
0.0000010149459121528804603
0.0000010034683020255257677
0.0000009920276518167470978
0.0000009807840512725134246
0.0000009697122784580765535
0.0000009587779313934952160
0.0000009479419629881992731
0.0000009371673038956457339
0.0000009264254393062309879
0.0000009157007203222026959
0.0000009049915689433454931
0.0000008943086760860009298
0.0000008836714550953849178
0.0000008731039387501261785
0.0000008626311729849101172
0.0000008522765263554079872
0.0000008420599612194950110
0.0000008319973092383386780
0.0000008221003719143686838
0.0000008123776812282417936
0.0000008035215831609254169
0.0000007947901277307254464
0.0000007861621463838362582
0.0000007776090631395866112
0.0000007690929971579604008
0.0000007605654498580524181
0.0000007519685632823159272
0.0000007432431434637807633
0.0000007343495657717934639
0.0000007254641669695445207
0.0000007167714941717356109
0.0000007083009689066862754
0.0000007000792593465107147
0.0000006921287566903290246
0.0000006844677917592124865
0.0000006771113200840540739
0.0000006700720335271129775
0.0000006633613751792876958
0.0000006569903265707534316
0.0000006509698856455482852
0.0000006453112041979853481
0.0000006400253818664996382
0.0000006351228508743916357
0.0000006306123794697932261
0.0000006264997936378333275
0.0000006227866890970578926
0.0000006194693629400694475
0.0000006165382267945876425
0.0000006139778269230583874
0.0000006117675381273141284
0.0000006098828974184267381
0.0000006082974037219772843
0.0000006069845168976709292
0.0000006059195583618665571
0.0000006050812584341701627
0.0000006044527820801406686
0.0000006040221670741843143
0.0000006037821527575231593
0.0000006037294322350643198
0.0000006038633404182312541
0.0000006041840001535496618
0.0000006046900980941001543
0.0000006053766718272723364
0.0000006062336988394941063
0.0000006073179541054649236
0.0000006085219939328642009
0.0000006098449193289839602
0.0000006112715387999276063
0.0000006127856252931777255
0.0000006143705667699726989
0.0000006160097908778749531
0.0000006176869738858097967
0.0000006193861954048651830
0.0000006210920969927564869
0.0000006227900311862423621
0.0000006244661934591122790
0.0000006261077484037741172
0.0000006277029506916305089
0.0000006292412572100045564
0.0000006307134282099892699
0.0000006321116141337525825
0.0000006334294234626713653
0.0000006346619628470391049
0.0000006358058450608633830
0.0000006368591717257054404
0.0000006378214903144849980
0.0000006386937370384431863
0.0000006394781617179988653
0.0000006401782222027105632
0.0000006407984431072441491
0.0000006413442295638741069
0.0000006418216439586207404
0.0000006422371529304722085
0.0000006425973629537961131
0.0000006429087746806420903
0.0000006431775581993738230
0.0000006434093132241942273
0.0000006436166373070542796
0.0000006438186662062328644
0.0000006440258937799580045
0.0000006442446025504632287
0.0000006444770257247653485
0.0000006447229571735166034
0.0000006449810507655719288
0.0000006452495821387167361
0.0000006455268276538967447
0.0000006458112262785291932
0.0000006461014320566646530
0.0000006463963163887082318
0.0000006466949500030940911
0.0000006469965789725198041
0.0000006473006015675520861
0.0000006476065474534617167
0.0000006479140597433728861
0.0000006482228784748123401
0.0000006485328236794909629
0.0000006488437799071596096
0.0000006491556818059211713
0.0000006494685023652441775
0.0000006497822439566034048
0.0000006500969318176924827
0.0000006504126099586807305
0.0000006507293384179218061
0.0000006510471916118290215
0.0000006513662570732832955
0.0000006516866343696242670
0.0000006520084341537781535
0.0000006523317773278800542
0.0000006526567943042417271
0.0000006529836243599583291
0.0000006533124150763172356
0.0000006536433218663439204
0.0000006539765076006711036
0.0000006543121423397120150
0.0000006546504031575986673
0.0000006549914740164581321
0.0000006553355455341279418
0.0000006556828144967632732
0.0000006560334831862931051
0.0000006563877584781362650
0.0000006567458510091953753
0.0000006571079745223318090
0.0000006574743452642199197
0.0000006578451813615622276
0.0000006582207019427885684
0.0000006586011257784574635
0.0000006589866691586102947
0.0000006593775427557573614
0.0000006597739477494705893
0.0000006601760706432953291
