7.0000000000000000000000000
0.0000006317452030449227019
0.0000005286534128089559589
0.0000004273195564827935019
0.0000003277467061273960007
0.0000002299383080347483451
0.0000001338982261984318922
0.0000000396306849239222550
-0.0000000528598134350925832
-0.0000001435685821347166983
-0.0000002324908467815716844
-0.0000003196218362289489713
-0.0000004049568670946789192
-0.0000004884914239816694454
-0.0000005702212478835131248
-0.0000006501424083069594696
-0.0000007282513499254627945
-0.0000008045449075106426422
-0.0000008790203006550981620
-0.0000009516751217324329818
-0.0000010225073256258465453
-0.0000010915152248011504519
-0.0000011586974926660828081
-0.0000012240531756278823712
-0.0000012875817137979554475
-0.0000013492829711806732924
-0.0000014091572727336755908
-0.0000014672054388234908729
-0.0000015234287674336967022
-0.0000015778288743391493247
-0.0000016304075115510827292
-0.0000016811666932240191247
-0.0000017301087437512085518
-0.0000017772363012486365426
-0.0000018225523205352985346
-0.0000018660600754352687672
-0.0000019077631601878392501
-0.0000019476654897042723905
-0.0000019857712983521018255
-0.0000020220851368778242440
-0.0000020566118669932498757
-0.0000020893566530456284454
-0.0000021203249500613213008
-0.0000021495224872896931715
-0.0000021769552461670176850
-0.0000022026294313537629114
-0.0000022265514331492509105
-0.0000022487277791196576280
-0.0000022691650706161761753
-0.0000022878698616430572330
-0.0000023048483571290911212
-0.0000023201059965801199173
-0.0000023336470809537752825
-0.0000023454745184669560576
-0.0000023555896232105813847
-0.0000023639918345301269686
-0.0000023706782013449948608
-0.0000023756425943128227100
-0.0000023788745179555137206
-0.0000023803573185196708863
-0.0000023800654185404921524
-0.0000023779599306411002364
-0.0000023739816754770063605
-0.0000023680401594696985251
-0.0000023599965662371153264
-0.0000023496391348895326105
-0.0000023366529507683624427
-0.0000023205984548656532373
-0.0000023009358755237082696
-0.0000022725755253694576709
-0.0000022408812714107363783
-0.0000022056534288461960273
-0.0000021667360690234168802
-0.0000021240394503422750785
-0.0000020775576675712323333
-0.0000020273790298785530662
-0.0000019736886954718689435
-0.0000019167667877665617688
-0.0000018569873123171214038
-0.0000017948207874489161032
-0.0000017308356660293268292
-0.0000016656862144628121973
-0.0000016000788395200245909
-0.0000015347227626152843965
-0.0000014702706877679706802
-0.0000014072611807259238144
-0.0000013460744114460826445
-0.0000012869107978137655230
-0.0000012297951101991254919
-0.0000011746027927694101195
-0.0000011211034520649261098
-0.0000010690155294470493325
-0.0000010180725038023349497
-0.0000009680974693282048560
-0.0000009190494271947489154
-0.0000008739586653455751488
-0.0000008285144108744166307
-0.0000007826401126188760019
-0.0000007362677339508034796
-0.0000006893578356894680453
-0.0000006419368842129898382
-0.0000005941605960779304848
-0.0000005464061106615394068
-0.0000004993606620458321706
-0.0000004580643399876426700
-0.0000004189071224438301496
-0.0000003819330376691562249
-0.0000003471366224210651061
-0.0000003144730853676422665
-0.0000002838731096773975682
-0.0000002552550508382314951
-0.0000002285326944787181409
-0.0000002036193559083399834
-0.0000001828729149740306400
-0.0000001634033650676608840
-0.0000001451904361343522750
-0.0000001282588802447559128
-0.0000001126493067501127011
-0.0000000984033994781464617
-0.0000000855580803542998958
-0.0000000741440434340555645
-0.0000000641860637667387304
-0.0000000557038639172688263
-0.0000000487130381921856874
-0.0000000417221557165606187
-0.0000000364319798390106666
-0.0000000328422841722163186
-0.0000000309657543485763074
-0.0000000308355293965550752
-0.0000000325145646318887793
-0.0000000361161166814578596
-0.0000000418109520197305878
-0.0000000510794932622645072
-0.0000000633279144183399529
-0.0000000780606239162869787
-0.0000000945571850156540957
-0.0000001121651933343263105
-0.0000001304298448622821084
-0.0000001490990766944885487
-0.0000001680735412696259952
-0.0000001873493755421482581
-0.0000002069735637581153863
-0.0000002270149026980624704
-0.0000002475472918857516536
-0.0000002686411471957898464
-0.0000002903596285502865889
-0.0000003127574973048034054
-0.0000003358812943743105260
-0.0000003597701038542833388
-0.0000003871765379304843154
-0.0000004156148288662124642
-0.0000004421214391916989315
-0.0000004696111180943791772
-0.0000004980358150133366835
-0.0000005272172227955097462
-0.0000005569296722006989241
-0.0000005869586278537054547
-0.0000006171340976195105871
-0.0000006473424356715643717
-0.0000006815924782795271126
-0.0000007161933339153835065
-0.0000007510644773074381168
-0.0000007861125649163083041
-0.0000008212217728843471441
-0.0000008562527254501264300
-0.0000008910480179758096242
-0.0000009254464420553214978
-0.0000009593058972262778351
-0.0000009925302835715118455
-0.0000010250930874668309368
-0.0000010570499225160597339
-0.0000010885349659738222699
-0.0000011197423462709507322
-0.0000011508990882456661729
-0.0000011822377167562033844
-0.0000012139737908806450620
-0.0000012462900746772642797
-0.0000012793272258212411650
-0.0000013131819005984736374
-0.0000013479109174659527668
-0.0000013937747386457713024
-0.0000014408556466111476994
-0.0000014888909158840368758
-0.0000015271215597386594455
-0.0000015661258866605897866
-0.0000016059099389923952344
-0.0000016464904319838321003
-0.0000016878836293552032458
-0.0000017300955836131414539
-0.0000017731165651759940358
-0.0000018169194680936530671
-0.0000018614606484236577843
-0.0000019066825362546914372
-0.0000019525172487001140629
-0.0000019988896412730262960
-0.0000020457200799190272001
-0.0000020929252090694691682
-0.0000021404179115166250259
-0.0000021881078167888001095
-0.0000022359020093514433256
-0.0000022837037851723097025
-0.0000023314114288211236736
-0.0000023789173869427328111
-0.0000024261079997826540541
-0.0000024728639218351261638
-0.0000025190612913941790943
-0.0000025645735543533334106
-0.0000026092737523810608755
-0.0000026530371606278389919
-0.0000026957442200780305601
-0.0000027372835503473185252
-0.0000027775548278207918930
-0.0000028164712990789547145
-0.0000028539617516630912388
-0.0000028899718668347235229
-0.0000029244649865707692912
-0.0000029574220686097826774
-0.0000029888407206823371174
-0.0000030187335110236441939
-0.0000030471258061957423547
-0.0000030740534227092297396
-0.0000030995602983626094232
-0.0000031236962993454929541
-0.0000031465153273669919305
-0.0000031680736171067148325
-0.0000031884281058831805334
-0.0000032076350388761406471
-0.0000032257489252206400203
-0.0000032428217163688177337
-0.0000032589019954314535722
-0.0000032740346428066930032
-0.0000032882615403649892097
-0.0000033016217920840618085
-0.0000033141499253674830271
-0.0000033258738211035188671
-0.0000033368124231027343310
-0.0000033469753684458013842
-0.0000033563655525657728404
-0.0000033649823618284933429
-0.0000033728246102137934878
-0.0000033798929549567708178
-0.0000033861916387645364134
-0.0000033917285175540256870
-0.0000033965139363848267107
-0.0000034005603831651842007
-0.0000034038825321711009569
-0.0000034064960640377065514
-0.0000034084218747301900383
-0.0000034066306078174019187
-0.0000034039783886178574835
-0.0000034007175337450326825
-0.0000034002511789993680200
-0.0000033993337070749545676
-0.0000033948954832492560860
-0.0000033901897387785240765
-0.0000033852579748725691140
-0.0000033801334157629071435
-0.0000033748379339486948238
-0.0000033693831420125809027
-0.0000033637727862085175406
-0.0000033580051831823324518
-0.0000033520752407621221573
-0.0000033459759687239517413
-0.0000033396995326934268814
-0.0000033332379498138148887
-0.0000033265835218788888910
-0.0000033208197913476832447
-0.0000033145987730449771225
-0.0000033079105867116569524
-0.0000033007302782975782843
-0.0000032930258638105698420
-0.0000032847623376004027285
-0.0000032759034412374550332
-0.0000032664130523107459924
-0.0000032562559216158049597
-0.0000032456640555611265642
-0.0000032339252323703809484
-0.0000032208932248193717430
-0.0000032064213784698870381
-0.0000031903931980338335430
-0.0000031727769739332860381
-0.0000031537063882731345233
-0.0000031335688643565594483
-0.0000031130455211432027233
-0.0000030930137991009435074
-0.0000030753182495824889271
-0.0000030579111685135351569
-0.0000030408355266884794772
-0.0000030240755307374768015
-0.0000030075696313021110981
-0.0000029912282399027451589
-0.0000029749558264690681634
-0.0000029586887861035310597
-0.0000029434814132386308677
-0.0000029282499455417999577
-0.0000029130036258120062481
-0.0000028977538537309917809
-0.0000028825145861357100380
-0.0000028673027788691542433
-0.0000028521388563466119178
-0.0000028370471792702664493
-0.0000028220564566265088339
-0.0000028072000100104471196
-0.0000027925157417624327554
-0.0000027780455774798788605
-0.0000027638340296915395065
-0.0000027499253673667050575
-0.0000027363586668126005860
-0.0000027231597299477781561
-0.0000027103284025949347904
-0.0000026978189241555028226
-0.0000026864109634529448118
-0.0000026754177304580114492
-0.0000026637595370675117942
-0.0000026522570122960586827
-0.0000026409330623070213471
-0.0000026298310429690496903
-0.0000026190272239407969587
-0.0000026086450606891903458
-0.0000025988618999118383518
-0.0000025911874057726670682
-0.0000025839422682311285670
-0.0000025770969743128275810
-0.0000025706290465069806824
-0.0000025645313727168957080
-0.0000025588138302929805946
-0.0000025535013101634549945
-0.0000025486302185775775479
-0.0000025442447186346380980
-0.0000025403928835279462938
-0.0000025371224063864943472
-0.0000025344770195630590177
-0.0000025324948050260479581
-0.0000025312082954218581168
-0.0000025306456769027593017
-0.0000025308317126397523661
-0.0000025317890507058227443
-0.0000025335404312450646202
-0.0000025361108796875357189
-0.0000025395296205197990012
-0.0000025438317284572707402
-0.0000025490592725631891786
-0.0000025552612666507904606
-0.0000025624919135641330711
-0.0000025708066826795405569
-0.0000025802558333704598881
-0.0000025908743984434938822
-0.0000026026692415663916597
-0.0000026156041832370307640
-0.0000026295844747482083386
-0.0000026444426529904942485
-0.0000026599284777302216018
-0.0000026757064177977673357
-0.0000026913641973030453183
-0.0000027064333328224213849
-0.0000027204204237166033230
-0.0000027328450610224054976
-0.0000027432789513150171029
-0.0000027513809399556463171
-0.0000027569225984405217659
-0.0000027598006318546461744
-0.0000027600345590829346302
-0.0000027577511686479022607
-0.0000027531590785392044007
-0.0000027465202402796674387
-0.0000027381234031924280645
-0.0000027282633127736448449
-0.0000027172271288217288412
-0.0000027052889721023977897
-0.0000026927075963129571711
-0.0000026797240014704404824
-0.0000026665573736871248492
-0.0000026534014793655470688
-0.0000026404224427034689555
-0.0000026277562999104139226
-0.0000026155085278584093439
-0.0000026037567136585219047
-0.0000025925559714860156650
-0.0000025819458072827387958
-0.0000025719570254705623423
-0.0000025626159302694570755
-0.0000025539445948607265054
-0.0000025459574340682660095
-0.0000025386558171367734435
-0.0000025320229604514079201
-0.0000025260210392644862698
-0.0000025205916140407955672
-0.0000025156596808892848226
-0.0000025111410317569127243
-0.0000025069524090293055821
-0.0000025030236074051690891
-0.0000024993101664082967452
-0.0000024958044528750540126
-0.0000024925418378279212343
-0.0000024895965913593747721
-0.0000024870624357566283558
-0.0000024850189876994839155
-0.0000024834931576582675021
-0.0000024824305364902376430
-0.0000024816906191536744926
-0.0000024810702878148339990
-0.0000024803432914760653530
-0.0000024792926197914893298
-0.0000024777215674494649054
-0.0000024754420667568980206
-0.0000024722440787262852612
-0.0000024678914919981989606
-0.0000024572181072358983498
-0.0000024455072927576907801
-0.0000024326929439490605433
-0.0000024238288050580380349
-0.0000024131403468009059208
-0.0000023975555925297318452
-0.0000023813509102976166640
-0.0000023645706828070330233
-0.0000023472669451392986013
-0.0000023294986062246950970
-0.0000023113293213198279511
-0.0000022928231119868636563
-0.0000022740364336179148537
-0.0000022550051539818492132
-0.0000022357255588801394446
-0.0000022161320887799870963
-0.0000021960858269021062546
-0.0000021754165769825086155
-0.0000021476879470074151387
-0.0000021173022312116635612
-0.0000020843387559026772665
-0.0000020488393278208115752
-0.0000020108114345959859920
-0.0000019702315337031251563
-0.0000019270406424706553151
-0.0000018811427811218058243
-0.0000018324086371495355280
-0.0000017806865179866062527
-0.0000017258214969373466757
-0.0000016676823566814482613
-0.0000016061936255768491627
-0.0000015413673418490357370
-0.0000014733270582748770610
-0.0000014023170367140933178
-0.0000013286923625780236610
-0.0000012528905390907580856
-0.0000011753898483210430859
-0.0000010966634871303403952
-0.0000010171392629135882276
-0.0000009371729091150742809
-0.0000008570393496445592745
-0.0000007769377061113220570
-0.0000006970082895414725411
-0.0000006173642973408438218
-0.0000005381286951492738797
-0.0000004594532975325376047
-0.0000003815054330199612674
-0.0000003044471359861007618
-0.0000002284315424680745325
-0.0000001536055595623832579
-0.0000000801132762672891802
-0.0000000080995466267077652
0.0000000622869547063031470
0.0000001308915614038916474
0.0000001975529061468137842
0.0000002621035777745397415
0.0000003243712387448517395
0.0000003841808278664235682
0.0000004413587122821077799
0.0000004957402733325472015
0.0000005471799005451807538
0.0000005955615421983334023
0.0000006408078936707618031
0.0000006828841648438234351
0.0000007217954904035587525
0.0000007575797056716920716
0.0000007902973397668189915
0.0000008200211037616144236
0.0000008468261754077905277
0.0000008707814966617210839
0.0000008919424453094428476
0.0000009103453880590333206
0.0000009260049410233185361
0.0000009389159658208963893
0.0000009490596712884909256
0.0000009564131011013886246
0.0000009609611550765415015
0.0000009627089336574534377
0.0000009616922533205507227
0.0000009579845380145001486
0.0000009516984723074652254
0.0000009429825338711244378
0.0000009320123052091053190
0.0000009189778582428627156
0.0000009040717851233260763
0.0000008874798136287002657
0.0000008693757340070428177
0.0000008499208920178066274
0.0000008292669151298334148
0.0000008075584291205360494
0.0000007849337796748878194
0.0000007615223793037028226
0.0000007374395549917231563
0.0000007127805768080216064
0.0000006876177834709359361
0.0000006620017987469903451
0.0000006359670308881555194
0.0000006095389458823039040
0.0000005827409216393444338
0.0000005555996045359488394
0.0000005281486415735018894
0.0000005004311680802384684
0.0000004725015690160168137
0.0000004444267533207684560
0.0000004162871893991040292
0.0000003881776295856175108
0.0000003602076040087689199
0.0000003325015848697234460
0.0000003051988347424440838
0.0000002784526254194772398
0.0000002524288029786551834
0.0000002273037340510646216
0.0000002032616043881330785
0.0000001804906593741781596
0.0000001591783056727229823
0.0000001395048487849906512
0.0000001216364653853911343
0.0000001057197039928842694
0.0000000918775914686558744
0.0000000802087179290276618
0.0000000707880400072912178
0.0000000636681954004700082
0.0000000588809669938950984
0.0000000564386422165787791
0.0000000563353826118082885
0.0000000585486123127002971
0.0000000630404665085597432
0.0000000697593835421037158
0.0000000786418597349384881
0.0000000896143144889023996
0.0000001025950592198683544
0.0000001174962620407068082
0.0000001342258941364753642
0.0000001526895767132737360
0.0000001727922987781584207
0.0000001944396778658656187
0.0000002175388008849176232
0.0000002419987208318599786
0.0000002677305979162330220
0.0000002946476381667524278
0.0000003226648079194019856
0.0000003516981997235703093
0.0000003816639993716131983
0.0000004124770045397392237
0.0000004440486307566108724
0.0000004762843767744209081
0.0000005090807623248404319
0.0000005423217826296501012
0.0000005758752071569451696
0.0000006095893362773291959
0.0000006432909490703908069
0.0000006767854233060365847
0.0000007098598423326388258
0.0000007422896523175422955
0.0000007738489746083087761
0.0000008043241184827257717
0.0000008335288857083855175
0.0000008613194330434347847
0.0000008876059946696807838
0.0000009123590099965010199
0.0000009356081450559108375
0.0000009574342124363144503
0.0000009779554347140906073
0.0000009973106543568868154
0.0000010156423800178326493
0.0000010330820876057757660
0.0000010497394189746904820
0.0000010656963301342501116
0.0000010810070342222025806
0.0000010957044778832662495
0.0000011098116155028858348
0.0000011233504778327862174
0.0000011363463913826209475
0.0000011488291097177582973
0.0000011608330931016041920
0.0000011723975215575880218
0.0000011835660383683617420
0.0000011943861941947892563
0.0000012049085411438914779
0.0000012151852755931372336
0.0000012252684716529673476
0.0000012352084744510368694
0.0000012450526294887671829
0.0000012548444133671285366
0.0000012646229184719638479
0.0000012744224075412761777
0.0000012842721079309318434
0.0000012941961607336449631
0.0000013042138818556652715
0.0000013143403560489785384
0.0000013245872576682952645
0.0000013349638173334515264
0.0000013454780586813997817
0.0000013561379959934803897
0.0000013669530219366898444
0.0000013779345673627824124
0.0000013890963262358884895
0.0000014004540105715746677
0.0000014120247288504326321
0.0000014238261805215318689
0.0000014358756518088321490
0.0000014481889395737453526
0.0000014607793313770039261
0.0000014736569439790086779
0.0000014868282243060071658
0.0000015002954794013712926
0.0000015140563825672162463
0.0000015281034467389147354
0.0000015424234736360418731
0.0000015569971532797129653
0.0000015717988178722639174
0.0000015867963347935693235
0.0000016019511516834888988
0.0000016172185253114363541
0.0000016325480035182429204
0.0000016478842647010087212
0.0000016631684961698954134
0.0000016783406934957338724
0.0000016933443253204426357
0.0000017074672835736140669
0.0000017208521618762959350
0.0000017336415162349083336
0.0000017459804816343007474
0.0000017579893449627785539
0.0000017697593022895035221
0.0000017826569327321301131
0.0000017954367384342531072
0.0000018080921917814540086
0.0000018206147863279500265
0.0000018329936296866160637
0.0000018452163160695306372
0.0000018572718182690037255
0.0000018691553231159902214
0.0000018808741697912813071
0.0000018924532815466491492
0.0000019039378146925955994
0.0000019153906063767771183
0.0000019268819685385121533
0.0000019384716759796948315
0.0000019501881264243930465
0.0000019620130692496543781
0.0000019738787427364253004
0.0000019870378591020700109
0.0000019998151254263536313
0.0000020117829773509282168
0.0000020227715830790991910
0.0000020327612638590502549
0.0000020417970153412377617
0.0000020502308333210883926
0.0000020581355695226582910
0.0000020655176020880889573
0.0000020723874515806594639
0.0000020787580569379596078
0.0000020846411110793784927
0.0000020900434096567869364
0.0000020949640667666797417
0.0000020993928188618007143
0.0000021033094661535514833
0.0000021066844229732583416
0.0000021094807668151355788
0.0000021116576905782550818
0.0000021131748948262706154
0.0000021139970258461025992
0.0000021140971899557323466
0.0000021134588067427856745
0.0000021120755523207539158
0.0000021099496230443557534
0.0000021070888396868577206
0.0000021035032895814070434
0.0000020992021767433417241
0.0000020941912815540258562
0.0000020884712790641569161
0.0000020820371061108823946
0.0000020748783616607064432
0.0000020669800706487185919
0.0000020583234798786412438
0.0000020488870864062360910
0.0000020386479359271446693
0.0000020275831581539918297
0.0000020156717055206544109
0.0000020028962830505145945
0.0000019892454760790931331
0.0000019747160082942198206
0.0000019593150353475160587
0.0000019430623395114545319
0.0000019259922563919519308
0.0000019081551145346855436
0.0000018896178780120305489
0.0000018704636116288795633
0.0000018507896435408711350
0.0000018307045821055724922
0.0000018103245351123464400
0.0000017897689131107751732
0.0000017691561803099047990
0.0000017485998922720069554
0.0000017282052672993530622
0.0000017080665317294618465
0.0000016882650936236708919
0.0000016688683751993731022
0.0000016499289695915036712
0.0000016314838525047294024
0.0000016135533736078300480
0.0000015961399503119024407
0.0000015792270754258751603
0.0000015627815099562572534
0.0000015467607351050142258
0.0000015311217505548997114
0.0000015158261452242498887
0.0000015008433659246649613
0.0000014861530969148662682
0.0000014717463909965412115
0.0000014576256367552017200
0.0000014438037575990602613
0.0000014303030075680784140
0.0000014171539020731438632
0.0000014043945506136545971
0.0000013920708796917435478
0.0000013802374949274805286
0.0000013689587101908626519
0.0000013583094160000282074
0.0000013483755980612479739
0.0000013392538053641924732
0.0000013310489649271021229
0.0000013234141236101663153
0.0000013171440665331376047
0.0000013123352218074992587
0.0000013090200391355306058
0.0000013071896238754283536
0.0000013068127633203393415
0.0000013078485629272418584
0.0000013088751074211707120
0.0000013111939963115650491
0.0000013148953612805713080
0.0000013201050687701395441
0.0000013269884061971670762
0.0000013357350512610063892
0.0000013465339629206749448
0.0000013595458764169979631
0.0000013748788527988152840
0.0000013925707469167096539
0.0000014125809432131226413
0.0000014347921155695645360
0.0000014590215002689731812
0.0000014850385758878692868
0.0000015125831650566427365
0.0000015330830481479816384
0.0000015548448638584525694
0.0000015779267183099563559
0.0000016023648645662653729
0.0000016281275034310551227
0.0000016550364624706283992
0.0000016826801572764587598
0.0000017204874105996804248
0.0000017582919398430470713
0.0000017954112922038758370
0.0000018312886708090999814
0.0000018655337447020528611
0.0000018979277415474024669
0.0000019284010208297305296
0.0000019569963511774589734
0.0000019838296963016264268
0.0000020090558068654181663
0.0000020328419611711738213
0.0000020553512094928374215
0.0000020767345827459046644
0.0000020971288026111536284
0.0000021166565923615383067
0.0000021354283313479707551
0.0000021535435930146840141
0.0000021746269175543885943
0.0000021973750959426391391
0.0000022221643812709124217
0.0000022493047173495877185
0.0000022789030317819219364
0.0000023107020354409738576
0.0000023320714191371747188
0.0000023524946748427684325
0.0000023717370008988138225
0.0000023895583541111759090
0.0000024057138275140850206
0.0000024199538389538219509
0.0000024320262334153387349
0.0000024416807840868509690
0.0000024486757933426842446
0.0000024527859447923975086
0.0000024538115230263881400
0.0000024515889523088482318
0.0000024460015756511462630
0.0000024369895371937678667
0.0000024245574425666731269
0.0000024087787855406989691
0.0000023897962986879121863
0.0000023678177431130832410
0.0000023431074540614452501
0.0000023159743228257687805
0.0000022867573000393679440
0.0000022558069003010415502
0.0000022234596952058332262
0.0000021900181809690714239
0.0000021557366292920380673
0.0000021208212523860900021
0.0000020854366771991170454
0.0000020497131537278166643
0.0000020137515030181079122
0.0000019776262361343083091
0.0000019413866626779993270
0.0000019050593539148377453
0.0000018686523655031387321
0.0000018321597548440887902
0.0000017955658570549994740
0.0000017588496623342164848
0.0000017219889454399546442
0.0000016849642333223971750
0.0000016477621421378724202
0.0000016103778126964504495
0.0000015728165163089988755
0.0000015350946050304200690
0.0000014972399460211994295
0.0000014592918951423374066
0.0000014213009702193442373
0.0000013833288292426605667
0.0000013454486521766664571
0.0000013077456657262737283
0.0000012703165697639633711
0.0000012331474438117893256
0.0000011970806541950662479
0.0000011621675869764013628
0.0000011283510351112148019
0.0000010955296711382667875
0.0000010617093758149299271
0.0000010284797957267229876
0.0000009959128309913955495
0.0000009640704191627929173
0.0000009330005410528251638
0.0000009027371471327778370
0.0000008732973540295018416
0.0000008446731738244212189
0.0000008168206057740297738
0.0000007896593243388201416
0.0000007630813830598275934
0.0000007369654444630410471
0.0000007111935809110011607
0.0000006856667392193628995
0.0000006603154614634275264
0.0000006351041823346310520
0.0000006100293871953685367
0.0000005851135318774332512
0.0000005603969665189903955
0.0000005359298837555710785
0.0000005117655241257910617
0.0000004879552441476269265
0.0000004645454031834181699
0.0000004415758786892380054
0.0000004190798890707954229
0.0000003976912808756015097
0.0000003763220809238978508
0.0000003548925846720980120
0.0000003333331649557113743
0.0000003116117062331803521
0.0000002897808505656476007
0.0000002680395406606194009
0.0000002482891952650724493
0.0000002294342991969288217
0.0000002115670917370814702
0.0000001947668977804658553
0.0000001791049030048773549
0.0000001646488814775109058
0.0000001514651629145305333
0.0000001396177975711996902
0.0000001291651846562176907
0.0000001201546227280249884
0.0000001139346467010697222
0.0000001076502087656659710
0.0000001027921136619849923
0.0000000993490455360022798
0.0000000972920441533556553
0.0000000965697084671494271
0.0000000971059560866444779
0.0000000987997067068970803
0.0000001015265920517924868
0.0000001051428021306336698
0.0000001094908914810580282
0.0000001144068899785769334
0.0000001197276853560318969
0.0000001252975727258884131
0.0000001309730474330531938
0.0000001366262102092500559
0.0000001421473692209141045
0.0000001474470025909309118
0.0000001524573901780446167
0.0000001571338030811247487
0.0000001614547953254442822
0.0000001654214594925014641
0.0000001690557132339207411
0.0000001723978163674337874
0.0000001755036736426752500
0.0000001784418220695229491
0.0000001812889914539259326
0.0000001841248779449042623
0.0000001870273020979460541
0.0000001900684410300994117
0.0000001933123076175241352
0.0000001968131761553230322
0.0000002006147011905660820
0.0000002047496393378677490
0.0000002092402668409358966
0.0000002140991725954691172
0.0000002193301919044298029
0.0000002249293012821453995
0.0000002308853218365040553
0.0000002371803631941769862
0.0000002437899820349729073
0.0000002506831543919903027
0.0000002578223474287729538
0.0000002651642342171376700
0.0000002726615470851157017
0.0000002802654454379031180
0.0000002879276706847198119
0.0000002956004931385823342
0.0000003032359979530423949
0.0000003107855991518907577
0.0000003182003298490827202
0.0000003254315678560961366
0.0000003324326473819887110
0.0000003391614083779405951
0.0000003455838880878683625
0.0000003516788920483736685
0.0000003574425894495070688
0.0000003628917495430153862
0.0000003680640670455239555
0.0000003730146850242107733
0.0000003778087719995294850
0.0000003825126627969277954
0.0000003871842068811784476
0.0000003918658890571145226
0.0000003965821387853894841
0.0000004013399004714169548
0.0000004061312843569500569
0.0000004109372747311479977
0.0000004157319692090609927
0.0000004204868788796956289
0.0000004251751163378037980
0.0000004297749464800179235
0.0000004329495887262194833
0.0000004364203314149635809
0.0000004403498927059740899
0.0000004449090632416060573
0.0000004502187898783583617
0.0000004557590970004047819
0.0000004611306151785284541
0.0000004662487629999017926
0.0000004710311688118493741
0.0000004754008971488724528
0.0000004792884311735213417
0.0000004826320712604118321
0.0000004853779631436246454
0.0000004874796390585288474
0.0000004888977801779504892
0.0000004896001496998375217
0.0000004895616896357707377
0.0000004887649657897046473
0.0000004872008813164593322
0.0000004848697164167858991
0.0000004817823431095429521
0.0000004779613346425265249
0.0000004734416824464227821
0.0000004682707358986195464
0.0000004625070713689366812
0.0000004562181820358259081
0.0000004494771132617308861
0.0000004423583465677684418
0.0000004349334194489863363
0.0000004272668035953117328
0.0000004194125215100162800
0.0000004114118459565382387
0.0000004032922538944264262
0.0000003950676448437460690
0.0000003867399675200639031
0.0000003783022793033460048
0.0000003697433982739138507
0.0000003610539961533324025
0.0000003522327201514800288
0.0000003432906494615280538
0.0000003342508864502716535
0.0000003251413390570726020
0.0000003159852134922791495
0.0000003068098867189679076
0.0000002976471082443760063
0.0000002885302979330780172
0.0000002794930536708120112
0.0000002705684492012090821
0.0000002617885667770468001
0.0000002531840335687938074
0.0000002447836509230766050
0.0000002366141642991588448
0.0000002287000857421255283
0.0000002210635291089093909
0.0000002137240745908659565
0.0000002066986628425155170
0.0000002000015174867127429
0.0000001936441083925137755
0.0000001876351943561506873
0.0000001819809515850640013
0.0000001766851127083152147
0.0000001717490926325306954
0.0000001671719990744256411
0.0000001629505422619811437
0.0000001590789278788893712
0.0000001555487809365908605
0.0000001523491905073958014
0.0000001494668640130013277
0.0000001468863993356975012
0.0000001445906223980332288
0.0000001425608715851150178
0.0000001407773080689689392
0.0000001392195787389173208
0.0000001378070268383563118
0.0000001364299968356372804
0.0000001350176455634636354
0.0000001335276905923999045
0.0000001319451711161657441
0.0000001302715565904635648
0.0000001285159847408828369
0.0000001266901301997035286
0.0000001248056533228162714
0.0000001228731110409840831
0.0000001209016044301607845
0.0000001188987641802426843
0.0000001168708727527928427
0.0000001148230265833836558
0.0000001127592925892774444
0.0000001106828489060084537
0.0000001085961064220398197
0.0000001065008206369892548
0.0000001043982059321545393
0.0000001022890399812400961
0.0000001001737610943814675
0.0000000980525477600391257
0.0000000959253793725680560
0.0000000937920804332138191
0.0000000916523483143110941
0.0000000895057718629010349
0.0000000873518425744071970
0.0000000851899631329485530
0.0000000830194547373671974
0.0000000808395635271889563
0.0000000786494662477663499
0.0000000764482752567558719
0.0000000742350428965224051
0.0000000720087652922981935
0.0000000697683855530902933
0.0000000675127963063006976
0.0000000652408415118371423
0.0000000629513176545156635
0.0000000606429745950195432
0.0000000583145171416314506
0.0000000559646083498254867
0.0000000535918740814720433
0.0000000511949091325045373
0.0000000487722828948912274
0.0000000463225438291245537
0.0000000438442235827236750
0.0000000413358412650376408
0.0000000387959094647029539
0.0000000362229435548819179
0.0000000336154762016315077
0.0000000309720787730663967
0.0000000282913877459311271
0.0000000255721398983266952
