10.0000000000000000000000000
0.0000011335525107177987303
0.0000011423271161615126191
0.0000011509336828864005628
0.0000011593716826149067956
0.0000011676404887521118565
0.0000011757393879006876851
0.0000011836676130261325884
0.0000011914243723902628481
0.0000011990088743550743911
0.0000012064203486306925973
0.0000012136580641421544109
0.0000012207213442928215595
0.0000012276095804490379246
0.0000012343222453943570420
0.0000012408589056255407735
0.0000012472192327673608039
0.0000012534030134313326402
0.0000012594101571558549752
0.0000012652407037751163841
0.0000012708948306976212765
0.0000012763728604983264090
0.0000012816752689806477491
0.0000012868026938758052104
0.0000012917559442179736837
0.0000012965360101549180580
0.0000013011440727828341140
0.0000013055815125405094061
0.0000013098499131737913035
0.0000013139510522612257429
0.0000013178868593301594589
0.0000013216593512731357454
0.0000013252706264315442308
0.0000013287228977553359425
0.0000013320184942362587462
0.0000013351598140077967922
0.0000013381492467759487440
0.0000013409891044665373016
0.0000013436815667726632312
0.0000013462286232635099245
0.0000013486320045291763597
0.0000013508930982258899327
0.0000013530128435856632561
0.0000013549915968119602292
0.0000013568289558078286379
0.0000013585235300780269926
0.0000013600726375512493188
0.0000013614718948283252878
0.0000013627146576186618632
0.0000013637912373833559405
0.0000013646877983468396954
0.0000013653848335699631994
0.0000013658551786087614751
0.0000013660617913679031787
0.0000013659563167714528995
0.0000013654811325342878945
0.0000013645793146557184399
0.0000013634583891013859135
0.0000013621533257082934462
0.0000013606675016209874962
0.0000013590059298506604125
0.0000013571757248695124943
0.0000013551864602038748718
0.0000013530503661219674109
0.0000013507823266997503255
0.0000013483996228978343663
0.0000013459214050392800268
0.0000013433679102417120550
0.0000013407595296276829479
0.0000013381157815144968275
0.0000013354542516540779145
0.0000013327895572808042264
0.0000013301324160377700883
0.0000013274889353176606341
0.0000013248602834498672853
0.0000013222428327170900094
0.0000013196287629167731676
0.0000013170070553067533224
0.0000013143647431846893648
0.0000013116882668095204765
0.0000013089648146839036484
0.0000013061835718105867050
0.0000013033368373163966476
0.0000013004207940259265292
0.0000012974351151667719638
0.0000012943809061827069440
0.0000012912593716374705685
0.0000012880726517849149395
0.0000012848245804766169466
0.0000012815204264451953424
0.0000012781661432902078884
0.0000012747681478404983270
0.0000012713334580505450367
0.0000012678698025835480031
0.0000012643857008632217856
0.0000012608905288665915926
0.0000012573945201240448483
0.0000012539086668757707250
0.0000012504444652576455746
0.0000012470135190492211912
0.0000012436271222186225541
0.0000012402958389522422203
0.0000012370292418791978120
0.0000012338357712170623582
0.0000012307226823527860856
0.0000012276960958093908406
0.0000012247611550423920114
0.0000012219222483621899392
0.0000012191832355482807983
0.0000012165476519922070625
0.0000012140188439313950990
0.0000012116000966414507461
0.0000012092947643442149936
0.0000012071064090116718072
0.0000012050389248881092382
0.0000012030965696181772592
0.0000012012837815935650860
0.0000011996049173812373178
0.0000011980641223149434657
0.0000011966652292702991049
0.0000011954118614795864114
0.0000011943073013215636261
0.0000011933540966331696324
0.0000011925539239596498534
0.0000011919076587227632727
0.0000011914155690443442701
0.0000011910775548649576632
0.0000011908930488313442930
0.0000011908608468342969160
0.0000011909790560761484255
0.0000011912451444709729671
0.0000011916560898855511539
0.0000011922085813491792680
0.0000011928991731816567098
0.0000011937243826462794008
0.0000011946807874672693756
0.0000011957652274390154994
0.0000011969751245214295742
0.0000011983088840547643491
0.0000011997661699386803527
0.0000012013479349200777506
0.0000012030562058504892905
0.0000012048939035385159215
0.0000012068651135560119221
0.0000012089755262859953147
0.0000012112331007043789896
0.0000012136477106255306251
0.0000012162299862947846523
0.0000012189898855427178768
0.0000012219354231764026204
0.0000012250717222736160442
0.0000012284004118789329196
0.0000012319192694333978850
0.0000012356221216310869403
0.0000012394989482308647032
0.0000012435361437836612920
0.0000012477168807906990787
0.0000012520215587979318213
0.0000012564283065978578019
0.0000012609134715631548552
0.0000012654521044629262711
0.0000012700183748223803353
0.0000012745859377878958187
0.0000012791282437552368357
0.0000012836187750702892347
0.0000012880312080089475412
0.0000012923395268389856228
0.0000012965181110758356493
0.0000013005418045928778563
0.0000013043859715125637687
0.0000013080265305151560214
0.0000013114399963802594354
0.0000013146035667795211368
0.0000013174952467111896134
0.0000013200940276465865250
0.0000013223800668427858590
0.0000013243348138775686338
0.0000013259410887350709175
0.0000013271831345494641217
0.0000013280467868351968513
0.0000013285198116580472342
0.0000013285927243128098452
0.0000013282609693801198307
0.0000013275285614677666900
0.0000013264088217220272310
0.0000013249205080151107217
0.0000013230838970571406452
0.0000013209182451785807357
0.0000013184406012038157698
0.0000013156653430009678634
0.0000013126041330986890776
0.0000013092668193266350939
0.0000013056629937503352004
0.0000013018036799403377310
0.0000012977031574928461175
0.0000012933809454278791087
0.0000012888632421539070737
0.0000012841837352557483617
0.0000012793856850438846060
0.0000012745241833241107915
0.0000012696661966398991710
0.0000012648876885097213164
0.0000012602692013293105364
0.0000012558907966332951750
0.0000012518270977982124675
0.0000012481431605090293529
0.0000012448916781632076031
0.0000012421117495626355884
0.0000012398291374903470537
0.0000012380577122934306047
0.0000012368016512122204165
0.0000012360579434428317047
0.0000012358188198386378599
0.0000012360738415139905908
0.0000012368115020091443206
0.0000012380202982462076888
0.0000012396892993410747604
0.0000012418082931033909879
0.0000012443676078641167744
0.0000012473577320307274954
0.0000012507688549745029831
0.0000012545904380663172406
0.0000012588108903475274866
0.0000012634173228242153554
0.0000012683951304569004955
0.0000012737272002053921144
0.0000012793929933680522017
0.0000012853676680545978769
0.0000012916219515389286875
0.0000012981223866856945644
0.0000013048317174701436783
0.0000013117094123449466724
0.0000013187122980718422696
0.0000013257952944136436186
0.0000013329122181970683971
0.0000013400165841261538056
0.0000013470623395282028185
0.0000013540045736421170887
0.0000013608001755776974957
0.0000013674083019173684104
0.0000013737907141522908769
0.0000013799120726068367158
0.0000013857402829803749220
0.0000013912468944665658410
0.0000013964074701314947473
0.0000014012018395410173350
0.0000014056141623775328099
0.0000014096329078143206016
0.0000014132508249979905275
0.0000014164649820547462136
0.0000014192768059810942726
0.0000014216916567260858462
0.0000014237180748768308725
0.0000014253670805811746697
0.0000014266517862953547243
0.0000014275870776381359067
0.0000014281891760463382687
0.0000014284752631692320072
0.0000014284631397117113596
0.0000014281710689136690484
0.0000014276176175238068217
0.0000014268214747139100869
0.0000014258013332472040646
0.0000014245758662740769928
0.0000014231638055573013887
0.0000014215841779109726715
0.0000014198567184396311325
0.0000014180022727323921216
0.0000014160430128442634011
0.0000014140026133639185852
0.0000014119062583106756178
0.0000014097805708507133763
0.0000014076534769766826604
0.0000014055537566684929098
0.0000014035101974871293088
0.0000014015502821882479017
0.0000013996985270341021524
0.0000013979748346404176592
0.0000013963931065829501664
0.0000013949602663139625598
0.0000013936757122980974494
0.0000013925308519429782810
0.0000013915094746197380040
0.0000013905896130836931937
0.0000013897462539552962256
0.0000013889541967359081876
0.0000013881906010720782699
0.0000013874369033285744335
0.0000013866798394356627391
0.0000013859113374077566644
0.0000013851271220811432203
0.0000013843254655642395322
0.0000013835084671604872033
0.0000013826846337561284864
0.0000013818677524786184782
0.0000013810751085949041856
0.0000013803260113420445650
0.0000013796405543188704589
0.0000013790383638985691681
0.0000013785372357789925740
0.0000013781516828961702310
0.0000013778914982251502973
0.0000013777604400743955703
0.0000013777550702848942713
0.0000013778640312023339785
0.0000013780685014941261654
0.0000013783437685178752586
0.0000013786616089235315580
0.0000013789924972272299757
0.0000013793070686260902124
0.0000013795771629218158430
0.0000013797765530679683332
0.0000013798813538964358559
0.0000013798701427668877679
0.0000013797238252271037484
0.0000013794253043743982736
0.0000013789589653792276209
0.0000013783100286911134062
0.0000013774639527198111827
0.0000013764066944659896699
0.0000013751262865712697574
0.0000013736144430022961471
0.0000013718662385577136772
0.0000013698791527969529476
0.0000013676521406888760951
0.0000013651849688667425253
0.0000013624779293117392133
0.0000013595319324243953420
0.0000013563489505811498827
0.0000013529327349483318907
0.0000013492897249034931315
0.0000013454300586354401431
0.0000013413685684435345026
0.0000013371256092063650883
0.0000013327275795573237002
0.0000013282069623904505284
0.0000013236019064458563843
0.0000013189554473233133769
0.0000013143143534917718004
0.0000013097276954517981814
0.0000013052450775391021136
0.0000013009145507065543939
0.0000012967808951508581162
0.0000012928846112196222144
0.0000012892611238628603824
0.0000012859400141360433749
0.0000012829445847228881764
0.0000012802920259671536792
0.0000012779937375680104751
0.0000012760558878284163429
0.0000012744801380256765189
0.0000012732644031638910201
0.0000012724035842835444539
0.0000012718902416537141047
0.0000012717151952050327904
0.0000012718680569665463401
0.0000012723376995815998614
0.0000012731126736764500983
0.0000012741815982267430619
0.0000012755335209197227185
0.0000012771582289852838785
0.0000012790464998281881193
0.0000012811902771297907513
0.0000012835827494228006012
0.0000012862183078143693306
0.0000012890923480784137095
0.0000012922008955558857611
0.0000012955400184247059510
0.0000012991049948687300036
0.0000013028892425385420577
0.0000013068830477735788344
0.0000013110721559524734435
0.0000013154363001117923651
0.0000013199479402336295829
0.0000013245717125470546125
0.0000013292648140784271763
0.0000013339781180712965501
0.0000013386580993636512921
0.0000013432492680295753258
0.0000013476970661543668599
0.0000013519510929308796502
0.0000013559681554765572690
0.0000013597146876147446428
0.0000013631682634359211607
0.0000013663178389170076764
0.0000013691627394903378397
0.0000013717105789651016883
0.0000013739744025179324778
0.0000013759696001718092880
0.0000013777111289525701641
0.0000013792119959609809650
0.0000013804827540744953518
0.0000013815316509882746987
0.0000013823656756713049418
0.0000013829922903334030936
0.0000013834211942179330799
0.0000013836658839587972467
0.0000013837446193015525716
0.0000013836794150644769504
0.0000013834905340271202355
0.0000013831942355415512526
0.0000013828058425955045387
0.0000013823411759834550707
0.0000013818167111924833687
0.0000013812494095728540837
0.0000013806563667349828524
0.0000013800544355234755932
0.0000013794598566168010800
0.0000013788878656790957139
0.0000013783522477454727464
0.0000013778648012827879610
0.0000013774347149235861642
0.0000013770678903255241892
0.0000013767662564458214818
0.0000013765271505211491868
0.0000013763428555698837486
0.0000013762003825518686045
0.0000013760816172219310631
0.0000013759638844706135185
0.0000013758209758633993018
0.0000013756245892410483740
0.0000013753460549835022072
0.0000013749581534982682911
0.0000013744367844890630047
0.0000013737621850184530619
0.0000013729193541957231889
0.0000013718972787518993105
0.0000013706873336465533386
0.0000013692820798030586634
0.0000013676750851422204187
0.0000013658610173983185796
0.0000013638357473779888162
0.0000013615964641786020859
0.0000013591417967951219339
0.0000013564719310533590387
0.0000013535887141338949249
0.0000013504957358915192400
0.0000013471983945830700490
0.0000013437039241527886386
0.0000013400213730566516897
0.0000013361615341929272395
0.0000013321368152092778628
0.0000013279610594260877656
0.0000013236493088676159027
0.0000013192175204491407360
0.0000013146822482659696879
0.0000013100603378735579670
0.0000013053687293201104701
0.0000013006242584717998892
0.0000012958432317221544128
0.0000012910410458910709619
0.0000012862322086789288956
0.0000012814305714739633875
0.0000012766496214352657620
0.0000012719026728790037876
0.0000012672029049149390136
0.0000012625633827609036035
0.0000012579970820240282780
0.0000012535169077580864087
0.0000012491356884485616522
0.0000012448661402137976041
0.0000012407207787355886356
0.0000012367117796480594113
0.0000012328507198921397207
0.0000012291480977148527118
0.0000012256123740221958201
0.0000012222480395224656015
0.0000012190519429134067178
0.0000012160074119174927208
0.0000012130795645829990801
0.0000012102208622273647629
0.0000012073866588812814149
0.0000012045489873205409852
0.0000012017012116197493571
0.0000011988594878979080439
0.0000011960623668205783457
0.0000011933682951573748642
0.0000011908519848871386833
0.0000011886004149127217904
0.0000011867089400731059674
0.0000011852771009477119701
0.0000011844029468604983729
0.0000011841766990023442661
0.0000011846752155537592749
0.0000011859584281630671055
0.0000011880684044512115438
0.0000011910307296310769103
0.0000011948574760879799322
0.0000011995506809042675421
0.0000012051056845566960827
0.0000012115140735710713916
0.0000012187665155012618805
0.0000012268556010645572972
0.0000012357786462450069573
0.0000012455411269237981434
0.0000012561596267926066465
0.0000012676636701780824127
0.0000012800959311920983816
0.0000012935105066392555297
0.0000013079695894634338773
0.0000013235391999546401299
0.0000013402850837537461354
0.0000013582700045091578709
0.0000013775516747247732518
0.0000013981809835091597196
0.0000014201998542055897970
0.0000014436385302238460750
0.0000014685122722775394989
0.0000014948176761323207618
0.0000015225289788816235632
0.0000015515949002326342366
0.0000015819366009594537450
0.0000016134472658503371335
0.0000016459936288601000872
0.0000016794195061877245182
0.0000017135511092819929259
0.0000017482036881238481631
0.0000017831888892780999366
0.0000018183220615694260559
0.0000018534288657685599036
0.0000018883506799315423968
0.0000019229485243760611249
0.0000019571054048339276376
0.0000019907269609718184991
0.0000020237406481096558892
0.0000020560940875379869804
0.0000020877529531559214630
0.0000021186985436697604344
0.0000021489252113935899046
0.0000021784377657088021030
0.0000022072489335144646932
0.0000022353769147344704462
0.0000022628430718363847123
0.0000022896697712636097866
0.0000023158782820740860782
0.0000023414866855645892057
0.0000023665077891147245840
0.0000023909469352545007416
0.0000024147996840657948353
0.0000024380491856286828937
0.0000024606642401056325135
0.0000024826009884537101737
0.0000025038111517033769714
0.0000025223955485432709761
0.0000025403792254900735520
0.0000025578608382015063110
0.0000025749096778829072934
0.0000025915647289641012104
0.0000026090772934277451149
0.0000026258506723352847842
0.0000026418628426440111735
0.0000026570979172030502130
0.0000026715466706231179422
0.0000026852085026802837785
0.0000026980932392358776970
0.0000027102201070793997000
0.0000027216160942658591380
0.0000027323163208720741952
0.0000027423663625364373443
0.0000027518256626339679292
0.0000027607705692561289631
0.0000027692949357697558539
0.0000027775057248245494049
0.0000027855124387424877627
0.0000027934138844310696566
0.0000028012866600329229729
0.0000028091789394353644281
0.0000028171104776131149401
0.0000028250777410231662457
0.0000028330614369202177649
0.0000028419166831205805511
0.0000028508917638481683648
0.0000028598472084562071401
0.0000028686884160798507144
0.0000028773571564940114109
0.0000028858187648278657090
0.0000028940526389916908135
0.0000029020463979442197896
0.0000029097925298466445565
0.0000029172865066695634218
0.0000029245257173473073553
0.0000029315088488125469803
0.0000029382355112324307639
0.0000029447059980894736757
0.0000029509211221443870925
0.0000029568820948500933475
0.0000029625904329859741305
0.0000029680478827249891032
0.0000029732563562293105063
0.0000029782178769549324186
0.0000029829345315817971414
0.0000029874084244472812947
0.0000029916416297188141815
0.0000029956361294456573220
0.0000029987617008141976813
0.0000030023102055825635304
0.0000030056305944982246593
0.0000030087251207689066008
0.0000030115929248221329865
0.0000030142314173463956233
0.0000030166374015877460910
0.0000030188078854970998355
0.0000030207405526933818849
0.0000030224339317501395898
0.0000030238873528944949929
0.0000030251007903755288378
0.0000030260746688797946300
0.0000030268096826367203253
0.0000030273066479352491862
0.0000030275663854267046663
0.0000030274121291286302866
0.0000030270811417363171463
0.0000030265727189522538037
0.0000030258881157771924240
0.0000030250753476293311754
0.0000030241260649285603756
0.0000030230856579063509512
0.0000030219720775768750357
0.0000030207764836226635299
0.0000030194743545447230666
0.0000030180373218675784867
0.0000030164404289337557217
0.0000030146647147458212160
0.0000030126970550078676477
0.0000030105289617151805580
0.0000030081552673358454880
0.0000030055730425867218387
0.0000030027808125758470176
0.0000029997780271910352333
0.0000029965646900729285372
0.0000029931410906263028945
0.0000029895076549704663469
0.0000029856648642705500299
0.0000029816132075887401119
0.0000029773531556003092686
0.0000029728851470932913209
0.0000029682095831712903350
0.0000029633268259878507687
0.0000029582372000464853329
0.0000029529409948585390196
0.0000029474384682263036280
0.0000029417298497157664512
0.0000029358153440682722171
0.0000029294531909444636478
0.0000029229184634025208102
0.0000029162112702311363785
0.0000029095129162990018906
0.0000029026840430386310528
0.0000028957648554705174518
0.0000028887898468445596036
0.0000028817861769329330176
0.0000028747727477454452336
0.0000028677602320717539008
0.0000028607519597200759462
0.0000028537453629060727363
0.0000028467336336230796839
0.0000028397073072522282340
0.0000028326555952822266833
0.0000028255673955023702539
0.0000028184319845838369040
0.0000028112394406872687684
0.0000028039808592990787424
0.0000027966484239280584670
0.0000027892353833341896905
0.0000027817359745311475011
0.0000027741453191570178947
0.0000027664593113094266412
0.0000027586745078532509197
0.0000027490395847053220896
0.0000027392442487996223564
0.0000027292846965928949321
0.0000027191576108260857334
0.0000027088599528315242069
0.0000026983883997471752010
0.0000026877385933052882863
0.0000026769044569940213402
0.0000026658776828995781088
0.0000026546471878290382926
0.0000026431990088635201848
0.0000026338046879694752076
0.0000026243351681333849265
0.0000026148241795586170408
0.0000026053047240426655257
0.0000025958014820739492250
0.0000025863284113305672654
0.0000025768900037389088732
0.0000025674840883448604299
0.0000025581046597540107067
0.0000025487440465815941599
0.0000025393943092005081475
0.0000025300480130978915107
0.0000025206985794443762413
0.0000025113403830529116600
0.0000025019687161005537734
0.0000024925796909147158397
0.0000024831701232876502081
0.0000024737374176936181496
0.0000024642794640604179095
0.0000024547945493559941944
0.0000024452812840249607792
0.0000024312136493453450457
0.0000024169961740529571304
0.0000024026290131060330481
0.0000023881117651386769337
0.0000023734434095260597987
0.0000023586226592281973370
0.0000023436484648918438876
0.0000023285205257572403017
0.0000023132398992713369833
0.0000022978097264852052136
0.0000022822360777551241984
0.0000022665288642373169422
0.0000022507024523448719042
0.0000022399619812160359528
0.0000022290438566513768253
0.0000022179687875163760024
0.0000022067699787923259807
0.0000021954864572581458769
0.0000021841576407054923193
0.0000021681252352076672787
0.0000021568594937581185942
0.0000021456323609267403501
0.0000021344631181617450684
0.0000021233650344605681031
0.0000021123462183877287272
0.0000020969326069332643961
0.0000020816617677227277100
0.0000020665476172902975377
0.0000020516022326413339849
0.0000020368362586002174442
0.0000020222594779876551995
0.0000020078813670233761369
0.0000019937115176805543660
0.0000019797598531822819505
0.0000019660366347412080524
0.0000019525523065655183159
0.0000019393172472680789365
0.0000019263415578106231960
0.0000019136348373463126369
0.0000019012059444685136892
0.0000018890627220423937113
0.0000018772116882960569091
0.0000018656577037398743564
0.0000018544036299480760542
0.0000018434499993304006623
0.0000018327947198437058626
0.0000018224328395768367652
0.0000018123563944556133109
0.0000018025543575790978246
0.0000017930127021075809604
0.0000017837145795544427958
0.0000017746406031935361541
0.0000017657692096867509188
0.0000017570770693223318403
0.0000017505183332990870381
0.0000017420016724935975825
0.0000017335881168493825066
0.0000017252541036450709389
0.0000017169771772134990382
0.0000017087360882790716113
0.0000017005109260941977888
0.0000016922832330045023359
0.0000016840360712941590565
0.0000016757540437165548890
0.0000016674232777016653252
0.0000016590313826884760399
0.0000016505673891355071604
0.0000016420216776632952790
0.0000016333859019884187312
0.0000016246529107085055268
0.0000016158166690354522060
0.0000016068721940139020933
0.0000015978155098134203616
0.0000015886435441492718831
0.0000015793540244285405996
0.0000015699453469696375300
0.0000015604163743919916228
0.0000015507661633362193656
0.0000015409937653879629894
0.0000015319516822005242142
0.0000015229750606464208400
0.0000015140595978908115411
0.0000015051918435641704856
0.0000014963470277872997510
0.0000014863184833351540896
0.0000014761290279790075505
0.0000014657760820380517528
0.0000014552585566282876140
0.0000014445769475164703178
0.0000014337333597970964605
0.0000014227314364347011761
0.0000014115761192951992886
0.0000014002733020420434250
0.0000013888294687140143690
0.0000013772513599123726261
0.0000013655456941215098865
0.0000013537189658800301007
0.0000013417773333416992867
0.0000013297265786900318012
0.0000013175720963460200446
0.0000013053189058622154733
0.0000012929716836358564439
0.0000012805348126031072887
0.0000012680124447317998405
0.0000012554085877865331949
0.0000012427272352027928035
0.0000012325491744900048843
0.0000012223547480756390910
0.0000012121437569004560759
0.0000012019159556960868548
0.0000011916710452264990007
0.0000011814086631451979738
0.0000011711283732268197595
0.0000011608296527016441433
0.0000011505118773938239748
0.0000011401743043421679261
0.0000011298160515701065994
0.0000011194360746728061280
0.0000011090331276724144445
0.0000010986056859753520128
0.0000010881519212900177216
0.0000010776697019418273310
0.0000010671565632581252516
0.0000010566096602871916763
0.0000010460257078673619448
0.0000010354008868982107887
0.0000010247307051246063894
0.0000010140098261454633135
0.0000010032318572380351350
0.0000009923890130865899291
0.0000009787983880440530508
0.0000009678097972109587835
0.0000009567258719451719005
0.0000009455329352702117981
0.0000009342163828150029407
0.0000009227615627321350329
0.0000009111552488395178938
0.0000008993878231270275191
0.0000008874561329572719345
0.0000008753666787566253647
0.0000008631383216512425877
0.0000008508032125740668126
0.0000008384044507720697231
0.0000008259894620731332553
0.0000008135993391736067783
0.0000008012558263154801897
0.0000007863028209036526054
0.0000007713485922962204543
0.0000007563991516980548478
0.0000007414614336483105279
0.0000007290271495926972676
0.0000007165568819256710829
0.0000007040474561774883865
0.0000006914955172571516937
0.0000006788975538786324529
0.0000006662499375618353228
0.0000006535489810678353567
0.0000006407910224063229861
0.0000006279725420328373372
0.0000006150903224749992296
0.0000006021416612481437620
0.0000005891246492619803557
0.0000005760385274899979378
0.0000005628841336726812528
0.0000005496644470394404990
0.0000005363852307464726223
0.0000005230557567285391097
0.0000005096895734757981458
0.0000004963052417770002337
0.0000004829269162992960017
0.0000004695845953514466678
0.0000004563138023826645134
0.0000004431544010736657914
0.0000004301482613833007409
0.0000004173357121134405416
0.0000004047507913346681490
0.0000003924154769319362111
0.0000003803333168159947781
0.0000003684828922242843025
0.0000003553125670798543663
0.0000003424187076290155470
0.0000003297963749148363240
0.0000003185854357072090960
0.0000003074914216430255141
0.0000002965126372113129983
0.0000002856467833583098628
0.0000002748908057854268153
0.0000002642406877083218190
0.0000002536911671974726443
0.0000002432353486486163916
0.0000002328641655309785406
0.0000002225656351393754685
0.0000002123238262814399250
0.0000002021174422234792119
0.0000001919179189201595833
0.0000001816869951237508115
0.0000001713739236119632472
0.0000001609130663020196369
0.0000001502239980738619100
0.0000001392188403214400032
0.0000001278250466619657273
0.0000001160320593005080117
0.0000001039547462463126136
0.0000000918627594630789534
0.0000000819168141581718937
0.0000000724503214869298103
0.0000000634674375801848974
0.0000000549620105565356949
0.0000000469194086210740335
0.0000000393157901788136368
0.0000000321208399021309766
0.0000000253027601505138682
0.0000000188345472153997050
0.0000000126967229934712261
0.0000000068760019067855855
-0.0000000005509439274448043
-0.0000000077054915788642314
-0.0000000145878636344557891
-0.0000000211977753254064573
-0.0000000275342782890700999
-0.0000000335955439925609253
-0.0000000393785592400080097
-0.0000000448786916122857318
-0.0000000500890603036556722
-0.0000000549996122829155076
-0.0000000595957482572301406
-0.0000000638562573215400119
-0.0000000677501942984650657
-0.0000000712321743150839427
-0.0000000742354369745442641
-0.0000000766622508119231227
-0.0000000783727899822528356
-0.0000000791792761469804979
-0.0000000788674950199432151
-0.0000000772948155831719889
-0.0000000746105906278627624
-0.0000000719045990692380966
-0.0000000691028428394570608
-0.0000000663721378232332415
-0.0000000638254744394030692
-0.0000000615167178245139675
-0.0000000594512637894645402
-0.0000000576038647628668572
-0.0000000559371545438788522
-0.0000000544159743838051147
-0.0000000530158047866601976
-0.0000000517257255606397434
-0.0000000505470592066309527
-0.0000000494890056811660876
-0.0000000490957952552385779
-0.0000000487156574037068057
-0.0000000483425722195042678
-0.0000000479690052945349444
-0.0000000475854404660058038
-0.0000000471797101468488082
-0.0000000465942655955367440
-0.0000000461998696963290816
-0.0000000457487437489770275
-0.0000000452259439868476160
-0.0000000446217791428472558
-0.0000000439401541436251014
-0.0000000438060315199908151
-0.0000000439006834499125865
-0.0000000442410134404853954
-0.0000000448430770732415374
-0.0000000457216544929629973
-0.0000000468899061816015426
-0.0000000483590422150948021
-0.0000000501378536927418508
-0.0000000522321380142363922
-0.0000000546440444004664409
-0.0000000573713988280730933
-0.0000000604071679796550959
-0.0000000637391238093450719
-0.0000000673499333704080366
-0.0000000712178118541049168
-0.0000000753177252680502812
-0.0000000796229960736348205
-0.0000000841070992789616341
-0.0000000887454063621457158
-0.0000000935166635356587237
-0.0000000984040580455790787
-0.0000001033958079845738226
-0.0000001084851724918560152
-0.0000001136698557940411382
-0.0000001189507385663429773
-0.0000001243298589624743960
-0.0000001298077314330362210
-0.0000001353804559118343506
-0.0000001410378880606980495
-0.0000001466955151645015736
-0.0000001525340338757321922
-0.0000001584067656647736302
-0.0000001642955295434567258
-0.0000001701798377651129997
-0.0000001760380288338210333
-0.0000001818481361430005145
-0.0000001875884124623763709
-0.0000001932377290006244180
-0.0000001987759456958886975
-0.0000002041842116660206250
-0.0000002094451628283455070
-0.0000002145430604321692031
-0.0000002194638950402101912
-0.0000002241954513339890864
-0.0000002287273378634094944
-0.0000002330509847778199876
-0.0000002371596075413850435
-0.0000002410481147004096834
-0.0000002447129614077680332
-0.0000002481520073030091853
-0.0000002513644010116634573
-0.0000002543505647198114364
-0.0000002571122662026210990
-0.0000002596527158326481317
-0.0000002619766519677558898
-0.0000002640903521552235363
-0.0000002660015733798727451
-0.0000002677194141931201863
-0.0000002692541341261309018
-0.0000002706170024810294825
-0.0000002718201370687227762
-0.0000002728762295294990604
-0.0000002738245583702602464
-0.0000002747510156562530409
-0.0000002756995432125674150
-0.0000002766957986397064266
-0.0000002777485760759882571
-0.0000002788566591787659866
-0.0000002800142065770161960
-0.0000002812138789589718984
-0.0000002824483862622252139
-0.0000002837111448265333848
-0.0000002849964872841694816
-0.0000002862996676783627727
-0.0000002876167839503736213
-0.0000002889446764380046680
-0.0000002902808301245483822
-0.0000002916232864338450035
-0.0000002929705665342355357
-0.0000002943216009040908186
-0.0000002956756588487314438
-0.0000002970322842828541924
-0.0000002983912355579913652
-0.0000002997524355067539905
-0.0000003011159327964225692
-0.0000003024818736499242619
-0.0000003038504841446335424
-0.0000003052220584138061710
-0.0000003065969516468461963
-0.0000003079755747592179919
-0.0000003093583898136229947
-0.0000003107459059956116003
-0.0000003121386760591845769
-0.0000003135372931804985003
-0.0000003149423882071174690
-0.0000003163546272663150993
-0.0000003177747097490348896
-0.0000003192033667150904998
-0.0000003206413597549161531
-0.0000003220894802450296519
-0.0000003235485488207283217
-0.0000003250194143941776609
-0.0000003265029520733468925
-0.0000003280000602551020028
-0.0000003295116566645079506
-0.0000003310386746432578760
-0.0000003325820601671029104
-0.0000003341427690530692468
-0.0000003357217640217184387
-0.0000003373200105641639012
-0.0000003389384705905737625
-0.0000003405780926123295511
-0.0000003422397974054686674
-0.0000003439244605266087519
-0.0000003456328896007647913
