18.0000000000000000000000000
0.0000000843320350277351392
-0.0000003371813346653457308
-0.0000007512230850146801334
-0.0000011577886269650453745
-0.0000015568723057147364470
-0.0000019484673484031798395
-0.0000023325661460405725909
-0.0000027091605993329311140
-0.0000030782424744854436237
-0.0000034398037438078121481
-0.0000037938368797741932465
-0.0000041403351076631738194
-0.0000044792926224546467993
-0.0000048107047976099567781
-0.0000051345682858168082487
-0.0000054508809781305947036
-0.0000057596418577747179228
-0.0000060608508532953885354
-0.0000063545087189925866298
-0.0000066406169606246420170
-0.0000069191778015598201813
-0.0000071901941871186231327
-0.0000074536698222409642528
-0.0000077096092448502278737
-0.0000079580179488740500891
-0.0000081989025616305769023
-0.0000084322710565713107725
-0.0000086581327687620175426
-0.0000088764978591104467615
-0.0000090873768882911138247
-0.0000092907811327276087202
-0.0000094867227050247890960
-0.0000096752145699542384559
-0.0000098562705599307032949
-0.0000100299053896027099542
-0.0000101961346690756704991
-0.0000103549749151535125662
-0.0000105064435598182957045
-0.0000106505589549559572665
-0.0000107873403720660443814
-0.0000109168079953468368231
-0.0000110389829060979738996
-0.0000111538870557958046060
-0.0000112615432244231054230
-0.0000113619749596040388079
-0.0000114552064907071044435
-0.0000115412626101881069998
-0.0000116201685118383525049
-0.0000116919495719644776218
-0.0000117566310106885054993
-0.0000118142371018598139480
-0.0000118647895403435676352
-0.0000119083057214905378295
-0.0000119447973686047317113
-0.0000119742691446158121683
-0.0000119967165858711498539
-0.0000120121231403055860087
-0.0000120204559213723667204
-0.0000120216596583587908876
-0.0000120156479453372677218
-0.0000120022902826087477093
-0.0000119813928286027096770
-0.0000119526697004978619540
-0.0000119156997236433241243
-0.0000118698608707192650082
-0.0000118142318273166893611
-0.0000117474506480401428893
-0.0000116675364627010493760
-0.0000115717405632785725852
-0.0000114566516939552176182
-0.0000113189856857020260111
-0.0000111387313022811649789
-0.0000109413754762577626617
-0.0000107273641974451196501
-0.0000104978305909481499391
-0.0000102544924934294884918
-0.0000099994399485614007264
-0.0000097348755677753127116
-0.0000094628913129832031240
-0.0000091853484104129988865
-0.0000089038904518907023458
-0.0000086200711535624482225
-0.0000083355123877944476627
-0.0000080520104832144333398
-0.0000077715169389555161363
-0.0000074960126084454714528
-0.0000072273583102830938731
-0.0000069671412737994719102
-0.0000067165470693905435416
-0.0000064762739353295120583
-0.0000062465006569424343550
-0.0000060269080790112113615
-0.0000058167497449576416473
-0.0000056149703041854920463
-0.0000054203702925453528828
-0.0000052318387691058333358
-0.0000050486475094138921719
-0.0000048766671359427029252
-0.0000047056687414948304094
-0.0000045355030564627172608
-0.0000043660537141929465111
-0.0000041972782516395840068
-0.0000040292792217424773366
-0.0000038624242803458558876
-0.0000036975348671639785072
-0.0000035361366057136761047
-0.0000033806543981095226831
-0.0000032487226236811596783
-0.0000031388421352627292683
-0.0000030351889871312737360
-0.0000029375824020997224087
-0.0000028459368101534883532
-0.0000027602231369513869001
-0.0000026804435524944252080
-0.0000026066162297045819732
-0.0000025387665981220289754
-0.0000024769224981037196437
-0.0000024211115865122820209
-0.0000023713600092146203146
-0.0000023276917839519652048
-0.0000022901285702708446951
-0.0000022586896517595326595
-0.0000022229363705442499422
-0.0000021948242999017418387
-0.0000021745606849533457510
-0.0000021698828951307222424
-0.0000021747222842784261432
-0.0000021894700909937497339
-0.0000022133978130740944866
-0.0000022451617369013148610
-0.0000022832314618833771164
-0.0000023261892964874250969
-0.0000023728895815005024281
-0.0000024225055660172245881
-0.0000024745061638304656166
-0.0000025286003459388527000
-0.0000025846745470378777246
-0.0000026427364868372943155
-0.0000027028704442287691248
-0.0000027652043386788741150
-0.0000028298869031116747621
-0.0000028970726606290758073
-0.0000029727252656019431109
-0.0000030533134789338123519
-0.0000031300542185603470769
-0.0000032096210214043231982
-0.0000032915646030866116497
-0.0000033751704687044687432
-0.0000034597389990777417471
-0.0000035447501490668781600
-0.0000036299243528560762939
-0.0000037152082620803073278
-0.0000038175907439630007271
-0.0000039227644130753125873
-0.0000040305351776611547562
-0.0000041405910590802966833
-0.0000042524891825670143184
-0.0000043656803286190737023
-0.0000044795581217236688239
-0.0000045935276531443890302
-0.0000047070810554743551751
-0.0000048198606184117574131
-0.0000049316916026792920140
-0.0000050425785039435695663
-0.0000051526731291066660750
-0.0000052622348026079240435
-0.0000053715805841332148128
-0.0000054810331644701135973
-0.0000055908917825538631546
-0.0000057014403499959073461
-0.0000058129621810856485877
-0.0000059257534941355787889
-0.0000060401355925009000587
-0.0000061564609006005957935
-0.0000062751094579146720901
-0.0000063964722410839452784
-0.0000065209213439404968156
-0.0000066487794801466754837
-0.0000067803075072773384192
-0.0000069157103994688461267
-0.0000070551516514280725268
-0.0000071987669124561880647
-0.0000073466751965304142777
-0.0000075293276703601540235
-0.0000077184882785597709593
-0.0000079133385511010754723
-0.0000081126505258075259013
-0.0000083151232918941492749
-0.0000084882577558553498284
-0.0000086655406121094534066
-0.0000088473267650254977870
-0.0000090339855249419326468
-0.0000092258461186357732328
-0.0000094231706172948482262
-0.0000096261430343293798569
-0.0000098348667897072176384
-0.0000100493632909614259187
-0.0000102695626355629626475
-0.0000104952983696299591868
-0.0000107262931866339098901
-0.0000109621390290647239651
-0.0000112022817023274877071
-0.0000114460115843589775017
-0.0000116924619483248759918
-0.0000119406178867804548351
-0.0000121893373267746857466
-0.0000124373835282689203501
-0.0000126834667137150504363
-0.0000129262912245486856532
-0.0000131646039581939979510
-0.0000133972402499606378792
-0.0000136231628337876572380
-0.0000138414907245023999899
-0.0000140515166954415711442
-0.0000142527135660617006440
-0.0000144447303687010832404
-0.0000146273804132614493334
-0.0000148006235858241102387
-0.0000149645454290928424162
-0.0000151193342103694118524
-0.0000152652571190569080891
-0.0000154026375477457291461
-0.0000155318348631322439052
-0.0000156532270690644085425
-0.0000157671958460621120424
-0.0000158741152325601754655
-0.0000159743458890552041140
-0.0000160682303190530608231
-0.0000161560831390278099187
-0.0000162381794648261102386
-0.0000163147417674174850094
-0.0000163859371613478702002
-0.0000164518896914518166516
-0.0000165126982163801125825
-0.0000165684557706774901128
-0.0000166192698229976051959
-0.0000166652839490124221958
-0.0000167066932463456867687
-0.0000167437547468712111330
-0.0000167768010547308418876
-0.0000168062533678995280906
-0.0000168326237792767472248
-0.0000168559474306444668677
-0.0000168744240638875019609
-0.0000168891679682139027839
-0.0000169011537798004200957
-0.0000169169986310633256588
-0.0000169322162997250553367
-0.0000169398001965765840869
-0.0000169455810717436268064
-0.0000169497002101045689954
-0.0000169522620617941634875
-0.0000169533304049384774871
-0.0000169529352804223535007
-0.0000169510823384249109994
-0.0000169477613754495398007
-0.0000169429530840702002815
-0.0000169366339335942223392
-0.0000169287794652721135344
-0.0000169193663728255290490
-0.0000169083737082013724434
-0.0000169019632970630576563
-0.0000168929779704077576423
-0.0000168812115857444151542
-0.0000168664902254132053412
-0.0000168486865552278660232
-0.0000168277167068691151845
-0.0000168035307333967804332
-0.0000167760995654020418546
-0.0000167454011587264764156
-0.0000167114078835137310972
-0.0000166740768485659391642
-0.0000166333443706523367790
-0.0000165891253793190383131
-0.0000165413178851672753493
-0.0000164898119180756733972
-0.0000164385974776063448232
-0.0000163826283904784867208
-0.0000163217083999819157641
-0.0000162557018839305091149
-0.0000161845829411471828479
-0.0000161085015477481018444
-0.0000160278643572773394244
-0.0000159434190731004773198
-0.0000158563176893181661403
-0.0000157681176965043561217
-0.0000156806702581999437803
-0.0000155958550314685558363
-0.0000155151643453457222779
-0.0000154392046291985505395
-0.0000153672242964347109185
-0.0000152934262241301316019
-0.0000152195279673120283570
-0.0000151455251961570716790
-0.0000150756397579526742967
-0.0000150055542753387659559
-0.0000149353149086788997065
-0.0000148649770888513755598
-0.0000147946069658377278106
-0.0000147242829066486199588
-0.0000146540969337347754664
-0.0000145841559151842274601
-0.0000145145821996106889743
-0.0000144455132185299312333
-0.0000143770992931695029790
-0.0000143094985049267197291
-0.0000142428669933667513461
-0.0000141773423496941239900
-0.0000141130167731524947141
-0.0000140498950544756132319
-0.0000139878292845399217393
-0.0000139303437881862941783
-0.0000138742928750052752911
-0.0000138149891147216754363
-0.0000137561204181609079359
-0.0000136977758950456422358
-0.0000136401233454979083553
-0.0000135834570268603874974
-0.0000135282531713415399809
-0.0000134752002725598399627
-0.0000134251179498208623851
-0.0000133817613666914230137
-0.0000133396752118843721921
-0.0000132988361498752266459
-0.0000132592955142070884110
-0.0000132211689803436161346
-0.0000131846182247499383862
-0.0000131498323640975832302
-0.0000131170111204446970029
-0.0000130863474456194974702
-0.0000130580133525421310551
-0.0000130321542749137006539
-0.0000130088910955236328740
-0.0000129883265913302905630
-0.0000129705505313415035397
-0.0000129556466917710059810
-0.0000129437021425633749414
-0.0000129348147381201602119
-0.0000129290991083430798506
-0.0000129266910628564140711
-0.0000129277492873089193480
-0.0000129324517346508803311
-0.0000129409846449490513394
-0.0000129535226245004097607
-0.0000129701993153786424500
-0.0000129910674109940653279
-0.0000130160517971646819878
-0.0000130449004909987341226
-0.0000130771383495325277098
-0.0000131120294683384757962
-0.0000131485555226877280768
-0.0000131854201967386169575
-0.0000132210905477590415197
-0.0000132538763633454363184
-0.0000132820405910802076906
-0.0000133039248537304168990
-0.0000133180728572003501028
-0.0000133233380564597237095
-0.0000133189613826640498721
-0.0000133046088259064817355
-0.0000132803649131102591578
-0.0000132466861686110101389
-0.0000132043237003109567416
-0.0000131542338412557967796
-0.0000130974917482194896262
-0.0000130352197185666217344
-0.0000129685371268569658967
-0.0000128985325469198391847
-0.0000128262439983431388198
-0.0000127526400482728887072
-0.0000126785980190103589500
-0.0000126048872721106942912
-0.0000125321600928396058690
-0.0000124609429869075478021
-0.0000123916380938942974739
-0.0000123245345246006062813
-0.0000122598271942525895558
-0.0000121976385645353506903
-0.0000121380390452474917512
-0.0000120810594479477462280
-0.0000120266936080881753699
-0.0000119748929081028463258
-0.0000119255572694304186364
-0.0000118785276682450905274
-0.0000118335841257806649417
-0.0000117904510729073658238
-0.0000117488104023899310886
-0.0000117083216432881877554
-0.0000116686486357336379984
-0.0000116294916934501595107
-0.0000115906231846190488068
-0.0000115519222749879728806
-0.0000115134019430479519287
-0.0000114752150406033790250
-0.0000114376215590797120932
-0.0000114009111309778223610
-0.0000113652958534028119630
-0.0000113308086468229291682
-0.0000112972490341858549236
-0.0000112642034462218824860
-0.0000112311275929057027481
-0.0000111974362595439315909
-0.0000111625533449784541544
-0.0000111259030669331901399
-0.0000110868412816815883762
-0.0000110446592001148090882
-0.0000109844368500544928839
-0.0000109217077619357059293
-0.0000108562515564394692388
-0.0000108022374862772604849
-0.0000107430118017170661440
-0.0000106702592848298613017
-0.0000105959334986034760587
-0.0000105201855350684142439
-0.0000104431921717049727087
-0.0000103651531001914582489
-0.0000102862837093522481522
-0.0000102068006267064947137
-0.0000101268961935510707777
-0.0000100466977767985219587
-0.0000099662106445999640682
-0.0000098852550659998961185
-0.0000098034423792767151986
-0.0000097203159477582057259
-0.0000096143749586056630906
-0.0000095006520711044288238
-0.0000093793802305188889986
-0.0000092506540461283963910
-0.0000091144633736173825722
-0.0000089707164591397613109
-0.0000088192342826263324130
-0.0000086597531970813422948
-0.0000084919417318819076604
-0.0000083154351594049708940
-0.0000081298876215320338499
-0.0000079350386098591142026
-0.0000077307864656356026017
-0.0000075172566596254377120
-0.0000072948499596657887358
-0.0000070642580613706756757
-0.0000068264397113257842614
-0.0000065825588020043577050
-0.0000063338934938506688814
-0.0000060817324028751359677
-0.0000058272770676367816023
-0.0000055715698667523930076
-0.0000053154631957020308347
-0.0000050596213380420305381
-0.0000048045469124639125739
-0.0000045506495711440782205
-0.0000042983479069167030218
-0.0000040481357122717427744
-0.0000038005581609856642181
-0.0000035561542697833271340
-0.0000033154453585712276391
-0.0000030789411589578886813
-0.0000028471472241596449743
-0.0000026205719631624909824
-0.0000023997313757610053897
-0.0000021851506036008473932
-0.0000019773610701107168771
-0.0000017768938102033688801
-0.0000015842715338502637296
-0.0000013999983299890910824
-0.0000012245455630453580735
-0.0000010583314859226114355
-0.0000009016971777271914546
-0.0000007548819852701072078
-0.0000006180019417644936116
-0.0000004910426228170391570
-0.0000003738713633343042833
-0.0000002662663544068777526
-0.0000001679548572601974387
-0.0000000786480492514067601
0.0000000019314589790484390
0.0000000740290402579860329
0.0000001378441664740993688
0.0000001935226470928583114
0.0000002411555100641232412
0.0000002807881744786906731
0.0000003124370905304363732
0.0000003361109854707093210
0.0000003518349574472235260
0.0000003596733231263686612
0.0000003597474657956055449
0.0000003522466206471943323
0.0000003374300280021573072
0.0000003156222406213413254
0.0000002872015881053484200
0.0000002525828474978071462
0.0000002121986663376610148
0.0000001664817730566773223
0.0000001158521054234126007
0.0000000607096737725024494
0.0000000014346824124607834
-0.0000000616115304999493768
-0.0000001280883751509257457
-0.0000001976819933429762241
-0.0000002701131418094947103
-0.0000003451432859128332563
-0.0000004225731711239236397
-0.0000005022338451393480267
-0.0000005839727403118594728
-0.0000006676394640516963028
-0.0000007530747350315745065
-0.0000008401030871171117149
-0.0000009285287103674683525
-0.0000010181333917508258244
-0.0000011086755577680297892
-0.0000011998900915572571449
-0.0000012914885027246939123
-0.0000013831596178350744229
-0.0000014745705540654719935
-0.0000015653680636295241594
-0.0000016551801700974243632
-0.0000017436190417947890741
-0.0000018302850218856627890
-0.0000019147711699822314673
-0.0000019966682679336078257
-0.0000020755710778135320389
-0.0000021510858890030704848
-0.0000022228396166496088913
-0.0000022904893181054038591
-0.0000023537287481534706225
-0.0000024122927824968848167
-0.0000024659574334933469742
-0.0000025145376850449029461
-0.0000025578850277076652198
-0.0000025958852056444379226
-0.0000026284566400237674869
-0.0000026555491339900947581
-0.0000026771428389629408571
-0.0000026932472991791119478
-0.0000027039002497542184803
-0.0000027091660349679080084
-0.0000027091338657342762963
-0.0000027039156904852558755
-0.0000026936439983673379353
-0.0000026784691644637253528
-0.0000026585565987668627067
-0.0000026340837150763653300
-0.0000026052397265465306048
-0.0000025722280045857728979
-0.0000025352698466449649666
-0.0000024946086693970456464
-0.0000024505129508947770693
-0.0000024032777885564843745
-0.0000023532254789974012706
-0.0000023007052863192337599
-0.0000022460925384456915969
-0.0000021897873096714703362
-0.0000021322129614810893035
-0.0000020738149139276418374
-0.0000020150605681715450185
-0.0000019564396194501034173
-0.0000018984626548096160739
-0.0000018416571114507143217
-0.0000017865594264611515904
-0.0000017337040016975680823
-0.0000016836105847970812176
-0.0000016367694474305508346
-0.0000015936239808848383937
-0.0000015545521089943307367
-0.0000015198484899524765505
-0.0000014897097106768028006
-0.0000014642249121768630691
-0.0000014433733536413519868
-0.0000014270294872113050536
-0.0000014149766363352032916
-0.0000014069283033937711095
-0.0000014025549435354225027
-0.0000014015130006903949406
-0.0000014034736238981671818
-0.0000014081488901251277468
-0.0000014153084935144440030
-0.0000014247815240363432190
-0.0000014364396508988897514
-0.0000014501736314146068095
-0.0000014658754244914845330
-0.0000014834280493471353368
-0.0000015027000960746180508
-0.0000015235408819494304051
-0.0000015457773516141568965
-0.0000015692132977745256592
-0.0000015936311644510431890
-0.0000016187969044234504670
-0.0000016444667465026130017
-0.0000016703932421275330643
-0.0000016963305635090278122
-0.0000017220392077029460936
-0.0000017472908745335855647
-0.0000017718736331460296384
-0.0000017955971225688776513
-0.0000018182958019229329603
-0.0000018398301063740777995
-0.0000018600840704273067452
-0.0000018789604843255576893
-0.0000018963745303073964107
-0.0000019122465465181861215
-0.0000019264948184075877493
-0.0000019390284825263439097
-0.0000019497423588392545028
-0.0000019585131478132396280
-0.0000019651969774070579757
-0.0000019696284942411807520
-0.0000019716212268533132954
-0.0000019709697959327150651
-0.0000019674538562988430873
-0.0000019608434337103254692
-0.0000019509041809206758462
-0.0000019374031399249687950
-0.0000019201149628719207932
-0.0000018988285824222106216
-0.0000018733540135532316038
-0.0000018435286380392984383
-0.0000018092221509497410531
-0.0000017703400043739183241
-0.0000017268253911384441687
-0.0000016786598865272514155
-0.0000016258629678861679782
-0.0000015684905936645684634
-0.0000015066330045970430083
-0.0000014404121359575060359
-0.0000013699793357110747484
-0.0000012955152601456246645
-0.0000012172361750329783885
-0.0000011354062891455945996
-0.0000010503432259755997567
-0.0000009624111692045763027
-0.0000008719938541650433301
-0.0000007794694488110233933
-0.0000006851912809804688475
-0.0000005894731838222372778
-0.0000004925794756130391781
-0.0000003947222786496767935
-0.0000002960644740104437001
-0.0000001967267377309780887
-0.0000000967942428177520944
0.0000000036812068491340728
0.0000001046809990836221026
0.0000002062218877571508855
0.0000003083564293631625236
0.0000004111718870843922330
0.0000005147858312102672310
0.0000006193387330104634465
0.0000007249842733416148062
0.0000008318774293720411162
0.0000009401585521812672850
0.0000010499390263626357729
0.0000011612938800278936792
0.0000012742617645797784051
0.0000013888552018573851383
0.0000015050691676819971132
0.0000016228847538666811674
0.0000017422713443497056535
0.0000018631903100196772201
0.0000019855971712281475836
0.0000021094415109910591404
0.0000022346674977848172238
0.0000023612161856594021213
0.0000024890275794348887382
0.0000026180391608783752109
0.0000027481781201052764993
0.0000028793494611677102621
0.0000030114307530026725400
0.0000031442821066283546681
0.0000032777810898489007537
0.0000034118518251404871356
0.0000035464690974657667672
0.0000036816373459243601551
0.0000038173624974168070032
0.0000039536288682217877850
0.0000040903850870697815924
0.0000042275379410501427203
0.0000043649508573488069618
0.0000045024448402216586787
0.0000046397990400306023882
0.0000047767515380064195721
0.0000049130000380517669937
0.0000050482032552549847192
0.0000051819831221506321839
0.0000053139263887031945417
0.0000054435867838431847501
0.0000055704873750047610804
0.0000056941231801743872004
0.0000058139658624730863095
0.0000059294697033765379526
0.0000060400787130502156687
0.0000061452338022395473281
0.0000062443807243806344191
0.0000063369776698533279358
0.0000064225028427861675524
0.0000065004620021104300928
0.0000065703946704741006000
0.0000066318797793836614589
0.0000066845411811944672269
0.0000067280525511350538383
0.0000067621411186739488513
0.0000067865888889881044720
0.0000068012317421422053385
0.0000068059560542435996590
0.0000068006951047229959677
0.0000067854268747549411383
0.0000067601754587442131029
0.0000067250161311956012459
0.0000066800835594716363874
0.0000066255812479499821632
0.0000065617902954774094291
0.0000064890757298941023506
0.0000064078891031993721303
0.0000063187659601680171815
0.0000062223175366107046107
0.0000061192171045970354093
0.0000060101822043768897419
0.0000058959540342455657371
0.0000057772757743080338454
0.0000056548717850189636803
0.0000055294296871787414863
0.0000054015877765524380672
0.0000052719299294965687438
0.0000051409939816428502235
0.0000050093040854898399387
0.0000048774193416137768560
0.0000047459482045535230147
0.0000046155185482502000330
0.0000044867011840595555434
0.0000043599727245045397534
0.0000042357171882107528521
0.0000041142470446275179093
0.0000039958304185485579604
0.0000038807179144453372478
0.0000037691716542168731900
0.0000036615012416273144661
0.0000035581088167397537652
0.0000034595194556753529540
0.0000033663763420795592811
0.0000032793969954963601444
0.0000031993514246779475906
0.0000031270435884011632942
0.0000030632852073230327238
0.0000030088623914578070696
0.0000029644963613459439102
0.0000029307944271718762919
0.0000029081955216538439094
0.0000029171016475918216367
0.0000029367061316268938334
0.0000029654584688117353185
0.0000029832496191456191281
0.0000030108034899140788785
0.0000030479892031530162758
0.0000030946900214057752655
0.0000031508474620359239170
0.0000032165912088243711304
0.0000033019127474593102499
0.0000033978529644446352888
0.0000035036660207355235956
0.0000036175518190249261928
0.0000037376430438002347774
0.0000038624230472052690390
0.0000039908194656829598751
0.0000041221523936532043810
0.0000042560398933501822355
0.0000043923073672530150999
0.0000045309159282472424277
0.0000046719108713249839367
0.0000048206368608166824243
0.0000049754469788435844545
0.0000051361293220306017152
0.0000053026506858841827624
0.0000054752037954187214277
0.0000056541717529324528603
0.0000058399906793984033825
0.0000060328725778172650595
0.0000062279955612702541347
0.0000064277899701660645528
0.0000066208866233868906317
0.0000067999605416917015255
0.0000069869661900055020538
0.0000071697758497152324039
0.0000073484107313400853033
0.0000075230906099494317601
0.0000076561100184704293704
0.0000077802944474347470122
0.0000078976611122209326265
0.0000080096766375870645630
0.0000081649400878124085695
0.0000083188318647955844282
0.0000084713247047252545312
0.0000086223808391812729651
0.0000087719450418538422913
0.0000089199325967607219923
0.0000090662196079305150192
0.0000092106357487538119253
0.0000093529644184296408996
0.0000094929557987301808962
0.0000096303516732429685158
0.0000097649099259739055595
0.0000098963984355168656027
0.0000100245727747472273091
0.0000101491590829996307729
0.0000102698481191930473595
0.0000103862978135329560851
0.0000104981361497685291560
0.0000106049612812125372400
0.0000107063365014811719361
0.0000108017807777550668816
0.0000108907575437965987216
0.0000109726686623955923665
0.0000110468556219021331945
0.0000111126115130767816986
0.0000111692114763540854513
0.0000112159586131674359269
0.0000112522487551285647395
0.0000112776568278530670204
0.0000112583434532879753532
0.0000112329501539937040962
0.0000112034989948108671000
0.0000111713782727878120567
0.0000111373879915732825244
0.0000111217466429258385254
0.0000110974519966350366763
0.0000110644754611385266632
0.0000110226694598485480827
0.0000109717661750852770982
0.0000109114012279256254783
0.0000108411634105325945199
0.0000107606653476607643947
0.0000106696270961154026470
0.0000105679642085477152740
0.0000104558698082612434708
0.0000103338794424037264298
0.0000102029071330813673698
0.0000100642423408095347859
0.0000099195013048240556202
0.0000097705388907144800496
0.0000096193314146098673068
0.0000094678501171370649800
0.0000093179412510344395142
0.0000091712245680068352752
0.0000090290192465825968963
0.0000088923014436170726258
0.0000087616927330550648802
0.0000086374770048422217021
0.0000085196438202123433861
0.0000084079421931156560574
0.0000083019365023380709012
0.0000082010609812007137168
0.0000081046698741734811075
0.0000080120817612435670012
0.0000079226179785009911467
0.0000078356365036841120410
0.0000077505605324738881902
0.0000076652291204631132192
0.0000075825938819930743196
0.0000075007936479796026778
0.0000074194692042172084260
0.0000073383022844293295875
0.0000072570416805371439694
0.0000071755116073507440829
0.0000070936036547235559372
0.0000070112678772409617591
0.0000069285060290180693125
0.0000068453749701185204248
0.0000067619905467599291854
0.0000066785264033552395264
0.0000065952090509716200411
0.0000065123073854557336857
0.0000064301136285544384946
0.0000063489170508048135589
0.0000062689755180761202612
0.0000061904910192214025448
0.0000061135945006307678185
0.0000060383433367534416653
0.0000059647306438495936590
0.0000058927036604435391353
0.0000058221856134193365105
0.0000057530975789431046166
0.0000056853761232490290800
0.0000056189853269160053946
0.0000055539189582382507179
0.0000054901903536522242826
0.0000054232677056607359677
0.0000053574831333337416390
0.0000052931251665267064788
0.0000052348503963115841479
0.0000051780440769640603154
0.0000051226404465820982536
0.0000050685642203899124205
0.0000050157339255685533215
0.0000049640748691422784941
0.0000049094118567628605062
0.0000048560350922617852691
0.0000048040257009864017671
0.0000047534853174182905878
0.0000047045394422624702577
0.0000046573381828980074784
0.0000046120497855013466485
0.0000045688384955555508854
0.0000045278144074373260114
0.0000044889455970963106516
0.0000044519468669040340939
0.0000044162169864341668083
0.0000043818023925020748786
0.0000043476838315716492004
0.0000043137537508807781466
0.0000042799636543684908556
0.0000042463185483027154432
0.0000042128590191214336418
0.0000041796338480946217738
0.0000041466668856372089993
0.0000041137659346778124842
0.0000040813759211512146602
0.0000040493607014871788274
0.0000040175460088154632855
0.0000039857835037946753013
0.0000039539881462307848757
0.0000039221339808656254468
0.0000038901999516902606695
0.0000038577703200544350521
0.0000038244503097579975355
0.0000037900150134062914907
0.0000037545149277813538537
0.0000037214962078040402784
0.0000036888453084260387001
0.0000036567360107497461758
0.0000036252947120726844523
0.0000035946122282985144821
0.0000035647629808632698439
0.0000035358148678743589989
0.0000035078320125590279589
0.0000034808712237524861800
0.0000034549718967997906069
0.0000034301417530984050471
0.0000034063408207528841276
0.0000033834685812487677958
0.0000033613599665320620056
0.0000033397960118380287927
0.0000033185287280116717920
0.0000032973159607743910284
0.0000032759606962291967369
0.0000032543405106328256273
0.0000032324226587766076530
0.0000032102633397035151691
0.0000031879929303904086974
0.0000031657934734093682436
0.0000031438753848695252151
0.0000031224557188893149799
0.0000031017391512874898880
0.0000030819018896480082150
0.0000030630821783574126351
0.0000030453855041545191690
0.0000030340430382308865019
0.0000030216739311722418176
0.0000030077148608705369782
0.0000029916382819317944005
0.0000029731852824063682336
0.0000029555031083779987891
0.0000029395804060896280031
0.0000029257442515591839480
0.0000029142973839983834674
0.0000029055058041787576757
0.0000028995971107670379342
0.0000028967634451346225557
0.0000028971680690208807169
0.0000029009518668550707992
0.0000029082370352353647724
0.0000029191273379705334107
0.0000029337035411535861306
0.0000029520145095448508460
0.0000029740649708989025119
0.0000029998027050652778912
0.0000030291087255075045857
0.0000030617934733092034428
0.0000030976011295450076430
0.0000031362226938286508330
0.0000031773166389301332909
0.0000032205340934400596866
0.0000032655446485143045123
0.0000033120589071370640446
0.0000033598448849346053310
0.0000034087368425178379284
0.0000034586365832064406156
0.0000035095069487075840379
0.0000035613581441403018021
0.0000036142267161391806260
0.0000036681472917780622314
0.0000037231210865978227496
0.0000037790890247884931768
0.0000038359242026293525766
0.0000038931192743014093451
0.0000039517461224532168571
0.0000040106954935301605125
0.0000040697850357322214542
0.0000041288091443579073094
0.0000041875512598950121232
0.0000042457929106160876984
0.0000043033185439085673286
0.0000043599189693491233229
0.0000044153946620907693385
0.0000044695584242627711224
0.0000045222370862368860433
0.0000045732727595935582099
0.0000046225238930372647476
0.0000046698660496225708518
0.0000047151924175499421738
0.0000047584140601346297604
0.0000047994598688644895173
0.0000048382759943406366992
0.0000048748247379092684317
0.0000049090834243215914593
0.0000049410434350486899009
0.0000049707100991952334786
0.0000049981033344553260273
0.0000050232584579458014468
0.0000050462268315901334548
0.0000050670757402128016025
0.0000050858875584341846994
0.0000051027581515130758115
0.0000051177948539407048503
0.0000051311147724864481615
0.0000051428429537512339222
0.0000051531087760024736719
0.0000051623767313404304703
0.0000051714200277395114979
0.0000051806880809123757894
0.0000051904466703199400051
0.0000052007886202282474757
0.0000052117033098353646923
0.0000052231320401854021589
0.0000052350003432531636810
0.0000052472340131172335505
0.0000052597659358038857368
0.0000052725382877742867890
0.0000052855026117208071340
0.0000052986190344958257557
0.0000053118552346108055659
0.0000053251854467409100936
0.0000053385895652066186118
0.0000053520523674834055955
0.0000053655628001723403711
0.0000053791132559100922195
0.0000053926989134504036574
0.0000054063171210931939255
0.0000054199668894834595635
0.0000054336485022137097210
0.0000054473632317632019476
0.0000054611131613361618548
0.0000054749010657492478985
0.0000054887303402598468490
0.0000055026049462527686020
0.0000055165293646209173314
0.0000055305085548385542912
0.0000055445479188520452573
0.0000055586532691463296283
0.0000055728308008425539997
0.0000055870870674498566952
0.0000056014289604271446112
0.0000056158636930043776765
0.0000056303987886142782093
0.0000056450420733010776481
0.0000056598016703179896420
0.0000056746859901227963377
0.0000056897037093020567483
0.0000057048637413206679101
0.0000057201751969830707896
0.0000057356473476808540792
0.0000057512895961488248023
0.0000057671114493419486225
0.0000057831224901193272543
0.0000057993323373908078636
0.0000058157505846467983507
0.0000058323867044590049286
0.0000058492499081697318835
0.0000058663489736401084538
0.0000058836920181301844581
