5.0000000000000000000000000
0.0000004674108675518130565
0.0000004077203926904998755
0.0000003490938634922850091
0.0000002915318086140664989
0.0000002350348975934163640
0.0000001796039374409365081
0.0000001252398263108449510
0.0000000719435034277685882
0.0000000197159015247406902
-0.0000000314420962306450156
-0.0000000815296916273704044
-0.0000001305462006682718524
-0.0000001784910777200818409
-0.0000002253639376035922788
-0.0000002711645630438694075
-0.0000003158928936823800828
-0.0000003595490034910206552
-0.0000004021330812880561798
-0.0000004436454164994737562
-0.0000004840863914307514320
-0.0000005234564787419769719
-0.0000005617562435645272885
-0.0000005989863498639258908
-0.0000006351475718228671466
-0.0000006702408124480107398
-0.0000007042671296912431079
-0.0000007372277651780600205
-0.0000007691241378756457925
-0.0000007999577644113444644
-0.0000008297302326189585797
-0.0000008584432345251356860
-0.0000008860985777649809715
-0.0000009126981880681509524
-0.0000009382441117091678525
-0.0000009627385178761240530
-0.0000009861837008987643549
-0.0000010085820822602504275
-0.0000010299362122959481700
-0.0000010502487714558781215
-0.0000010695225709735415692
-0.0000010877605527401984134
-0.0000011049657881274083613
-0.0000011211414754274282269
-0.0000011362909354849918712
-0.0000011504176049669500928
-0.0000011635250265465542557
-0.0000011756168350503357749
-0.0000011866967383037028471
-0.0000011967684909819025795
-0.0000012058358591748198878
-0.0000012139025577087717545
-0.0000012209720904834015094
-0.0000012270474868607160816
-0.0000012321310524713298030
-0.0000012362241405995523905
-0.0000012393268700334690202
-0.0000012414377473290042306
-0.0000012425531479441831262
-0.0000012426666035245451194
-0.0000012417678088337910934
-0.0000012398412121226541486
-0.0000012368640112260063540
-0.0000012328032781247689132
-0.0000012276117457118245151
-0.0000012212215066572019943
-0.0000012135344779295474319
-0.0000012044081180796791969
-0.0000011936350683703243292
-0.0000011809173619937690953
-0.0000011658438040327219390
-0.0000011479004376753927838
-0.0000011265772138918354533
-0.0000011016126068429404605
-0.0000010702899492238396902
-0.0000010367336394242344516
-0.0000010011762500314953036
-0.0000009639145459993878401
-0.0000009252728941158702846
-0.0000008855667200249699173
-0.0000008450771646300520411
-0.0000008040436967348369274
-0.0000007626755430360053882
-0.0000007211764513161441355
-0.0000006797685332113808080
-0.0000006387047386289154551
-0.0000005982614558374027076
-0.0000005587166327131026665
-0.0000005203265535364751903
-0.0000004833037129945553936
-0.0000004477993299239136553
-0.0000004138924272217947552
-0.0000003815866981769978085
-0.0000003508150947973846457
-0.0000003214515492186193267
-0.0000002933296536967729606
-0.0000002662680284183954793
-0.0000002390576849819334137
-0.0000002131018401085353872
-0.0000001883696397982015237
-0.0000001648133594850415722
-0.0000001423773066018713341
-0.0000001210061528017459739
-0.0000001006497260615005907
-0.0000000812649210675992888
-0.0000000628159089857455064
-0.0000000452735314305283828
-0.0000000286143883107689291
-0.0000000128198858882292199
0.0000000021246370168794204
0.0000000162306629255987964
0.0000000295071242088531262
0.0000000427633569854763448
0.0000000553046488446490374
0.0000000681382690580772450
0.0000000804728470392243450
0.0000000923033899330077420
0.0000001036184020556938432
0.0000001143955754426841486
0.0000001245948561642381454
0.0000001341478570656166004
0.0000001429432046450316668
0.0000001508101912792057133
0.0000001575107713339196610
0.0000001627653864410063665
0.0000001641503781284148457
0.0000001641716761989147410
0.0000001627604796281873212
0.0000001600078878251363246
0.0000001560961365591935632
0.0000001512391309513729707
0.0000001456395737671754341
0.0000001394648778732365623
0.0000001328387833581100944
0.0000001258432443950068094
0.0000001185254318410444766
0.0000001109062050867084101
0.0000001029880072138763430
0.0000000947613229816618072
0.0000000862095412420661526
0.0000000773123995342132665
0.0000000680483017484787795
0.0000000577393033510951623
0.0000000466974004369619037
0.0000000360241166109832773
0.0000000249365469862604752
0.0000000134964022187902841
0.0000000018024464851214897
-0.0000000100485906381854874
-0.0000000219849632316928622
-0.0000000339684180372690371
-0.0000000459922485486423367
-0.0000000603537083132175094
-0.0000000751511090388932324
-0.0000000903602166297990387
-0.0000001059406944904245563
-0.0000001218336800624553472
-0.0000001379649438936044432
-0.0000001542517922259808037
-0.0000001706129539119384437
-0.0000001869795016368609257
-0.0000002033038317844724447
-0.0000002195636240130566216
-0.0000002357593303852586089
-0.0000002519066235812336537
-0.0000002680274478979466174
-0.0000002841436099719849357
-0.0000003002758326890766097
-0.0000003164466847190915784
-0.0000003326816040406970018
-0.0000003490087065993989386
-0.0000003654606690762382953
-0.0000003820765679209988073
-0.0000003989026223503973476
-0.0000004159919645781614348
-0.0000004334032602078768903
-0.0000004511980115843324035
-0.0000004694363521944446207
-0.0000004881719256185773134
-0.0000005074481200206098641
-0.0000005272984570081930631
-0.0000005477498424387858577
-0.0000005688263697101604725
-0.0000005946049046050037568
-0.0000006214365224192065792
-0.0000006492847950107532729
-0.0000006780517084738923439
-0.0000007075719511876969017
-0.0000007376448411337263499
-0.0000007634454974092362866
-0.0000007898819065426167788
-0.0000008170037739567150304
-0.0000008448669466084878297
-0.0000008735234851601862572
-0.0000009030160240133290944
-0.0000009333752047742349956
-0.0000009646188307412084183
-0.0000009967514967462124706
-0.0000010297632071936405370
-0.0000010636283986558918775
-0.0000010983038631423477697
-0.0000011337255665140882616
-0.0000011698061074177272457
-0.0000012064333314445691569
-0.0000012434703693513503438
-0.0000012807574248333207689
-0.0000013181154255061755347
-0.0000013553514446043338877
-0.0000013922654901118578582
-0.0000014286580495874922579
-0.0000014643376949808044848
-0.0000014991281399473304131
-0.0000015328740752765658388
-0.0000015654453237210688315
-0.0000015967391606965347404
-0.0000016266808887201666258
-0.0000016552228780125075321
-0.0000016823424199594721261
-0.0000017080387724698064331
-0.0000017323297945388480516
-0.0000017552483522643594080
-0.0000017768386568827266140
-0.0000017971528050847508672
-0.0000018162477241477854153
-0.0000018341825843963926590
-0.0000018510165903189208011
-0.0000018668073453219829810
-0.0000018816100857316026484
-0.0000018954770601207948450
-0.0000019084561018910747651
-0.0000019205887579116285916
-0.0000019319080495234985050
-0.0000019424380761589299338
-0.0000019521962704933174344
-0.0000019611966441822070186
-0.0000019694532303835893659
-0.0000019769837202944219885
-0.0000019838134011279627261
-0.0000019899775038011943073
-0.0000019955222389867982372
-0.0000020005063371910073706
-0.0000020050026577465706812
-0.0000020092048104692440203
-0.0000020126179004045185149
-0.0000020154068446903662154
-0.0000020177323142938008745
-0.0000020205556276260050478
-0.0000020223907712081748478
-0.0000020239551066234700437
-0.0000020252725224378461198
-0.0000020263668877494115957
-0.0000020272566740351487054
-0.0000020279538983356534841
-0.0000020284648329573082183
-0.0000020287913600941946767
-0.0000020289323306731378562
-0.0000020288846941141278701
-0.0000020286443547104439123
-0.0000020282067796958782670
-0.0000020275674073976983874
-0.0000020267219053356412069
-0.0000020266647823090339883
-0.0000020262597532134209536
-0.0000020254712145857121668
-0.0000020242680014030065321
-0.0000020226267915944276117
-0.0000020205324914039108220
-0.0000020179774621035554688
-0.0000020149597831230227398
-0.0000020114808307031405283
-0.0000020075424897417371349
-0.0000020031443692533232509
-0.0000019982813954707778965
-0.0000019929421397990498881
-0.0000019871081617141845744
-0.0000019807546024181424894
-0.0000019738521597075664906
-0.0000019663702690497110612
-0.0000019589763148913569694
-0.0000019508883137413749998
-0.0000019420822067176978376
-0.0000019325447552571981226
-0.0000019222809620481216100
-0.0000019113237435488388795
-0.0000018997453081720673592
-0.0000018876684564433460168
-0.0000018752741614921314786
-0.0000018627997288768318282
-0.0000018505207638957912786
-0.0000018387119522957386075
-0.0000018275876215191797078
-0.0000018172316475143089489
-0.0000018075315232346111384
-0.0000017974946915064694348
-0.0000017874653521397893726
-0.0000017774569730397893864
-0.0000017682868694874312356
-0.0000017591331614198875016
-0.0000017500033692535193091
-0.0000017409063744814827152
-0.0000017318526126412477075
-0.0000017228542673890829620
-0.0000017139254490310021510
-0.0000017050823302319970838
-0.0000016963431965381597968
-0.0000016877283413964316982
-0.0000016792596991116899597
-0.0000016709600622012471288
-0.0000016628516624681216367
-0.0000016549538012906212957
-0.0000016472790794682346369
-0.0000016398275517511912195
-0.0000016325776847751787068
-0.0000016260832753724795437
-0.0000016198582701939986809
-0.0000016131537473554746369
-0.0000016065549537757114662
-0.0000016000734295145045459
-0.0000015937320147853274090
-0.0000015875719628666201517
-0.0000015816613892489339296
-0.0000015761004565849884799
-0.0000015710111153707336734
-0.0000015668362063455447828
-0.0000015628562662211552874
-0.0000015590884864292159272
-0.0000015555074663113139928
-0.0000015520529725126226578
-0.0000015487991753443938259
-0.0000015458497536675998626
-0.0000015432805529505249978
-0.0000015411120908218569824
-0.0000015393603256735949069
-0.0000015380369898066527259
-0.0000015371502586965423567
-0.0000015367053265824714042
-0.0000015367055490183975040
-0.0000015371539427098958541
-0.0000015380548282277991105
-0.0000015394155971595411629
-0.0000015412485667049882218
-0.0000015435727499282359480
-0.0000015464152750614420352
-0.0000015498121016988760094
-0.0000015538074404302081857
-0.0000015584514351023752605
-0.0000015637952616781053833
-0.0000015698831889084453735
-0.0000015767416544958926733
-0.0000015843663251572545802
-0.0000015927093648156970643
-0.0000016016700906302140893
-0.0000016110923568651149094
-0.0000016207708922136139605
-0.0000016304664347543631979
-0.0000016399270489130301876
-0.0000016489117941905512937
-0.0000016572123909558532175
-0.0000016646684183228624054
-0.0000016711733579088398858
-0.0000016766719601984249927
-0.0000016811517966953189099
-0.0000016846330410684928157
-0.0000016871589414682236646
-0.0000016887885749384408109
-0.0000016895915022643627676
-0.0000016896437105905469694
-0.0000016890238070214469921
-0.0000016878104203072671958
-0.0000016860804469502903374
-0.0000016839075355943240560
-0.0000016813608881638499549
-0.0000016785047312480771149
-0.0000016753992593223519862
-0.0000016721036101380375880
-0.0000016686809483436856649
-0.0000016652038944723668745
-0.0000016617575641623577168
-0.0000016584379189547488410
-0.0000016553450909132086002
-0.0000016525730469404548767
-0.0000016501980393597008792
-0.0000016482686104794153695
-0.0000016467991207675162867
-0.0000016457678564460679358
-0.0000016451199023056261289
-0.0000016447740527584854049
-0.0000016446324782512689020
-0.0000016445915797100486036
-0.0000016445528279291752149
-0.0000016444326059832545743
-0.0000016441702021140876913
-0.0000016437330145079113856
-0.0000016431180806107007316
-0.0000016423490542430228535
-0.0000016414681698026072562
-0.0000016405225794272534376
-0.0000016395453292424548535
-0.0000016385318763453667500
-0.0000016374183545522382363
-0.0000016360713554584390633
-0.0000016342957451665170292
-0.0000016318603228748578266
-0.0000016285359300224809454
-0.0000016241369851756685504
-0.0000016185448973624277848
-0.0000016116988645249214262
-0.0000016035642260271116430
-0.0000015940975948869702011
-0.0000015832277123898796124
-0.0000015729993328061974117
-0.0000015616780488476733093
-0.0000015491715637237170202
-0.0000015355866770281244759
-0.0000015189134430318130049
-0.0000015036561367626343909
-0.0000014877113263858444364
-0.0000014710892038312659519
-0.0000014538007850110448301
-0.0000014358574064006395510
-0.0000014172699472096001070
-0.0000013980477002385581706
-0.0000013781968329377786992
-0.0000013577184793456842562
-0.0000013366068019923978217
-0.0000013148481819052847436
-0.0000012924247855998449320
-0.0000012693309517835198825
-0.0000012394002889410431553
-0.0000012080520580691211398
-0.0000011753009114650308472
-0.0000011411175441804638384
-0.0000011054354588275318324
-0.0000010681548848907248400
-0.0000010291465316857844928
-0.0000009882636339537599786
-0.0000009453660154737417665
-0.0000009003574067083976458
-0.0000008532328468522373013
-0.0000008041256130524051965
-0.0000007533363579975625750
-0.0000007013266808602946985
-0.0000006486694373385301841
-0.0000005959665023487253956
-0.0000005437601778566150606
-0.0000004924670872884295249
-0.0000004423502754556814170
-0.0000003935286509889890821
-0.0000003460104405609038088
-0.0000002997344150382926381
-0.0000002546039887547088748
-0.0000002105118710321265911
-0.0000001673690967163087103
-0.0000001251270916725738512
-0.0000000846381290923653013
-0.0000000437414601310654268
-0.0000000023981873721096551
0.0000000380070545404724022
0.0000000774700953926447750
0.0000001159944250324186833
0.0000001535807234360482251
0.0000001902230429744155477
0.0000002259043854681626036
0.0000002605920794949614830
0.0000002942335206390684307
0.0000003267533130734393297
0.0000003580533367121242475
0.0000003880178090431966118
0.0000004165235126009945538
0.0000004390048136895082077
0.0000004606798944066302423
0.0000004851990996211041050
0.0000005081140978205431043
0.0000005293536656023363708
0.0000005488782929929463106
0.0000005666812763117441888
0.0000005827826329373480998
0.0000005972179789563655985
0.0000006100269989703429248
0.0000006212441651507159510
0.0000006308934008657576216
0.0000006389869033242132642
0.0000006455273900112583839
0.0000006505141900212259825
0.0000006539525076434146882
0.0000006558643533355200331
0.0000006562984606957380325
0.0000006553348686428851517
0.0000006530822172795517007
0.0000006496691299990873624
0.0000006452308510810552078
0.0000006398951079367312395
0.0000006337692693106521775
0.0000006269371700927201759
0.0000006194627679814998460
0.0000006113967998166557162
0.0000006027850382551038902
0.0000005936740377717467279
0.0000005841144148801342849
0.0000005741622822395191266
0.0000005638780901854948660
0.0000005533229819556642824
0.0000005425522697674841356
0.0000005316084312981289223
0.0000005205161184702621623
0.0000005092823215668651205
0.0000004979006358158423409
0.0000004863574291811857074
0.0000004746376384274158181
0.0000004627291400284595845
0.0000004506256657223243430
0.0000004383286531387905495
0.0000004258486145936854654
0.0000004132063937762160403
0.0000004004343502266752777
0.0000003875775823768477613
0.0000003746951080992972249
0.0000003618609666818104848
0.0000003491649475230906326
0.0000003367127987383753894
0.0000003246257322965956723
0.0000003130389588452903702
0.0000003020985721103530869
0.0000002919565333704610281
0.0000002827641725231755829
0.0000002746651505110604981
0.0000002677897509759320231
0.0000002622502846831055826
0.0000002581383097068169273
0.0000002555233003340454496
0.0000002544525848988912774
0.0000002549521027627740189
0.0000002570275324340130781
0.0000002606658412371629438
0.0000002658371838026503288
0.0000002724971747772896877
0.0000002805894313756991878
0.0000002900483251416388827
0.0000003008017407324713232
0.0000003127736994390079506
0.0000003258864397644825604
0.0000003400620978340536753
0.0000003552242842666048936
0.0000003712996667604267423
0.0000003882194522401990510
0.0000004059206884381369824
0.0000004243472882846409424
0.0000004434507827138597752
0.0000004631907584684305054
0.0000004835349811595716425
0.0000005044591535230501011
0.0000005259461928318763234
0.0000005479848467436771039
0.0000005705674529807078504
0.0000005936867076527093850
0.0000006173312380662021105
0.0000006414797960075299098
0.0000006660939482981210068
0.0000006911095333543913846
0.0000007164279933698786838
0.0000007419095862827005131
0.0000007673710384504126567
0.0000007925904277215555436
0.0000008173210134633734876
0.0000008413138038047119904
0.0000008643455936595900969
0.0000008862463956019373305
0.0000009069191226596984443
0.0000009263463017018418209
0.0000009445825742275957661
0.0000009617361241366755455
0.0000009779447707294818994
0.0000009933526960770825627
0.0000010080920719640999592
0.0000010222714036094032159
0.0000010359706240412941982
0.0000010492422064269777140
0.0000010621173729153724987
0.0000010746158305699933363
0.0000010878976384482944129
0.0000011005321035766187118
0.0000011117032844232356128
0.0000011225546938955801447
0.0000011331204693291743992
0.0000011434384494073713497
0.0000011535491287046473073
0.0000011634944857393532104
0.0000011733169142384139430
0.0000011830582746290708223
0.0000011927590641862140400
0.0000012024576469848047813
0.0000012121895319923152409
0.0000012219868132035564487
0.0000012318779525911369610
0.0000012418878586613482083
0.0000012520383373569177498
0.0000012623486098303951102
0.0000012728357709464336029
0.0000012835151461184107220
0.0000012944007068085684038
0.0000013055056266972543450
0.0000013168432153425007307
0.0000013284276286960945508
0.0000013402743129020078156
0.0000013523999580086852839
0.0000013648219997926933618
0.0000013775578415295611986
0.0000013906238119643905811
0.0000014040340206414933923
0.0000014177992731120059327
0.0000014319263900507535977
0.0000014464177727881380272
0.0000014612711928776101925
0.0000014764796822589999721
0.0000014920313455822061465
0.0000015079089151458677978
0.0000015240890862176046211
0.0000015405417528084232320
0.0000015572293330047462343
0.0000015741064425815952304
0.0000015911202362289149210
0.0000016082118098646574497
0.0000016253190665540794538
0.0000016423812678787086545
0.0000016590127922371996595
0.0000016749742819321189297
0.0000016903224692996006562
0.0000017051400274922648700
0.0000017195088146690291940
0.0000017334992121368876231
0.0000017471678956456568806
0.0000017605590201156012852
0.0000017737063774776605189
0.0000017866355422495515146
0.0000017993656889036493972
0.0000018119110350271131796
0.0000018258387223850910549
0.0000018396217707933413483
0.0000018532391441795515117
0.0000018666712663323676935
0.0000018799035044247476334
0.0000018929294677119673722
0.0000019057515785809908392
0.0000019183771424878600729
0.0000019308096700157763427
0.0000019430377981081372750
0.0000019550266340649709967
0.0000019663135442990336805
0.0000019773584966475538456
0.0000019878309684992013529
0.0000019975686995864866765
0.0000020072429084484080522
0.0000020163374096413002244
0.0000020248641413998496593
0.0000020328377499346871700
0.0000020402733258588984851
0.0000020471845438210980763
0.0000020535826250971412217
0.0000020594761476494005883
0.0000020648714371818088043
0.0000020697732018678561427
0.0000020741851383402807284
0.0000020781103596691539605
0.0000020815515654030458715
0.0000020845109753764762994
0.0000020869901833580858827
0.0000020889899500668821426
0.0000020905099707571531103
0.0000020915485871836341697
0.0000020921023552716074864
0.0000020921656687405050365
0.0000020917305069370078966
0.0000020907863034254552585
0.0000020893199134443871265
0.0000020873156775386196957
0.0000020847556077273314562
0.0000020816197465801857584
0.0000020778867599769046736
0.0000020735346061814252379
0.0000020685409740894661133
0.0000020628837246833442696
0.0000020565414762610113216
0.0000020494944445532478192
0.0000020417255442049033993
0.0000020332216393500364788
0.0000020239749386181633249
0.0000020139845696636760854
0.0000020032582826597213729
0.0000019918141819210066827
0.0000019796823562797591265
0.0000019669062343357737324
0.0000019535435094092352651
0.0000019396665135650160877
0.0000019253618592440179602
0.0000019107292213388125344
0.0000018958792007903571952
0.0000018809303110064052750
0.0000018660052129826986812
0.0000018512264044459908179
0.0000018367117239709318351
0.0000018225700573305156864
0.0000018088976311571514396
0.0000017957751849221527033
0.0000017832661624501268678
0.0000017714158166631061807
0.0000017602510961407935597
0.0000017497814811206554108
0.0000017400009665878268631
0.0000017308909331835787802
0.0000017224233972994601092
0.0000017145641792420289053
0.0000017072754847250980565
0.0000017005177787917036662
0.0000016942510594240126735
0.0000016884357141854965763
0.0000016830331727973945621
0.0000016780064150149625665
0.0000016733204596791602569
0.0000016689427905582790155
0.0000016648437907445931609
0.0000016609970682684162863
0.0000016573796697732812053
0.0000016539722207824665766
0.0000016507591098734181726
0.0000016477288356287767046
0.0000016448744798868381815
0.0000016421941845379468131
0.0000016396915868740379687
0.0000016373760834488653577
0.0000016352626411506034552
0.0000016333710295357768681
0.0000016317241527366579129
0.0000016303453596478516513
0.0000016292548548303865658
0.0000016284658663484945626
0.0000016279820861962809795
0.0000016277977686226719796
0.0000016279008163735986060
0.0000016282776711936528429
0.0000016289181625462784480
0.0000016298188848792620682
0.0000016309842278312751612
0.0000016324252805916851686
0.0000016341572449382396268
0.0000016361962367724377250
0.0000016385562833485866612
0.0000016412473443527240634
0.0000016442752009364943526
0.0000016470619930894214366
0.0000016501672259521312116
0.0000016536006812062872172
0.0000016573712078599468727
0.0000016614848141973032672
0.0000016659411260513444991
0.0000016707271704680033160
0.0000016758072492370007141
0.0000016811083945564369544
0.0000016865044560329404083
0.0000016918112046812303043
0.0000016968196773427867323
0.0000017023153685851916030
0.0000017079598774414297707
0.0000017137681994215974719
0.0000017197562744230004441
0.0000017259326891466226313
0.0000017322942142811885704
0.0000017388263716471495082
0.0000017455070466701282062
0.0000017523106742373777100
0.0000017592113770118733970
0.0000017661845987526495021
0.0000017713349483646114953
0.0000017766565576688584349
0.0000017822183842012459702
0.0000017881004098697768194
0.0000017958443150920745475
0.0000018036462359347047567
0.0000018114644059470803371
0.0000018192528901717741422
0.0000018269643375480821499
0.0000018345521028144326357
0.0000018419716126661766365
0.0000018491812574257813331
0.0000018561429397073653837
0.0000018628222748071293220
0.0000018691884201140304970
0.0000018752138505097879547
0.0000018808741305687388230
0.0000018861478753258359519
0.0000018910172456476563869
0.0000018954686710316979466
0.0000018994929384003168642
0.0000019030846811872532081
0.0000019062408572281791751
0.0000019089590453335927483
0.0000019112356514154415565
0.0000019130643140288142456
0.0000019144347807272288182
0.0000019153326003912188896
0.0000019157397851979430649
0.0000019156357811748572613
0.0000019149985447225560503
0.0000019138056384948126283
0.0000019120352981603505407
0.0000019096674158870151984
0.0000019066843913173952273
0.0000019030718133414228536
0.0000018988189734294908474
0.0000018939192496686616093
0.0000018883693645020832630
0.0000018821653710384688635
0.0000018752989656245263072
0.0000018677552816300517184
0.0000018595155075184425805
0.0000018505617058302852129
0.0000018408815367531033104
0.0000018304720538997684127
0.0000018193419860782846268
0.0000018075127283676655164
0.0000017950177694263109900
0.0000017819009500701634379
0.0000017682137816337477020
0.0000017540123037882608356
0.0000017393545151754015585
0.0000017242985386940655126
0.0000017089020756956591259
0.0000016932229380953612266
0.0000016773202988780836494
0.0000016612563633452015838
0.0000016450981775727979690
0.0000016289191638459850998
0.0000016127998710421910265
0.0000015968275068450497700
0.0000015810943231469996465
0.0000015656951257237910253
0.0000015507241264712902868
0.0000015362710366009471956
0.0000015224157955397226602
0.0000015092213869968884902
0.0000014980655016598274481
0.0000014881688437716594584
0.0000014793155255174387234
0.0000014692316774917412485
0.0000014597087891835873906
0.0000014507285770743579991
0.0000014422772020191637330
0.0000014343501710691123440
0.0000014269538112931717712
0.0000014201044796802854185
0.0000014138262795729066720
0.0000014081473287336909011
0.0000014030949206380584373
0.0000013986899097293804684
0.0000013949413877184529997
0.0000013918426094013924387
0.0000013893690859952497063
0.0000013874790113075354745
0.0000013861163921341644221
0.0000013852166886587039216
0.0000013847145966430935249
0.0000013845523276412825207
0.0000013846860705627148288
0.0000013850893608430366771
0.0000013857532735601813672
0.0000013866841813369252477
0.0000013878998862046837022
0.0000013894251060940685176
0.0000013912875743601850383
0.0000013935148640295779713
0.0000013961320309736503973
0.0000013991597296590932897
0.0000014026127397669854426
0.0000014064988589444407714
0.0000014108181499618351197
0.0000014155625335562259774
0.0000014207157175129357900
0.0000014262534559785496776
0.0000014321441007897518229
0.0000014383493188498330527
0.0000014448250212661645847
0.0000014515223970663502382
0.0000014583883835314790638
0.0000014653639091123028368
0.0000014723838040039992542
0.0000014793783897321365632
0.0000014862757581211477438
0.0000014930044078262519869
0.0000014994960734263665767
0.0000015056886699083597415
0.0000015115292429152888072
0.0000015169767048584689809
0.0000015220039910505722825
0.0000015265992132898717497
0.0000015307657695962282317
0.0000015345218035554178021
0.0000015378987723419130209
0.0000015409390081327997125
0.0000015436924100485306816
0.0000015462125457499030378
0.0000015485527549003039253
0.0000015507634939059373812
0.0000015528919381079225521
0.0000015549830817833166650
0.0000015570811815678416894
0.0000015592293120550747827
0.0000015614681914954301213
0.0000015638346981561080036
0.0000015663604211947390653
0.0000015690705055894442851
0.0000015719830357080334870
0.0000015751091907742281894
0.0000015784537546313039936
0.0000015820157640106233421
0.0000015857891638604250630
0.0000015897633917943729966
0.0000015939238652241369478
0.0000015982523912439287590
0.0000016027275585866663895
0.0000016073252625454860406
0.0000016120195793744344741
0.0000016167842481692110903
0.0000016215945241378902967
0.0000016264282575298160543
0.0000016312650316136677960
0.0000016360848596668803886
0.0000016408671098612997846
0.0000016455898171413244610
0.0000016502292097820833775
0.0000016547596435552987639
0.0000016591541112933171476
0.0000016633855475427249401
0.0000016674290256021680633
0.0000016712646621950845207
0.0000016748806606369613501
0.0000016782757488472773147
0.0000016814601453261342271
0.0000016844545648366015889
0.0000016872872792249008457
0.0000016899898542901000567
0.0000016925924689852580274
0.0000016951205961532689633
0.0000016975933523651284603
0.0000017000234294914131489
0.0000017024178787292323154
0.0000017047794614305475881
0.0000017071085855157027157
0.0000017094057591747047012
0.0000017116741812241838923
0.0000017139215308494990593
0.0000017161594269131313406
0.0000017183812949390142083
0.0000017207631338526264292
0.0000017233992375799267969
0.0000017259717056025314147
0.0000017285975133169805194
0.0000017312686728736510808
0.0000017339713486360212388
0.0000017366892522532196611
0.0000017394057820206934729
0.0000017421051546896939013
0.0000017447731589899310515
0.0000017473973506060839557
0.0000017499669733865124866
0.0000017524727283230894064
0.0000017549066080699388353
0.0000017572619013536937090
0.0000017595333788837253607
0.0000017617175606878438698
0.0000017638130063210747355
0.0000017658205321270636670
0.0000017677433969314326960
0.0000017695873788327656536
0.0000017713607883826532226
0.0000017730743754634961336
0.0000017747410942893760150
0.0000017763757278489576046
0.0000017779943880416767049
0.0000017796139159946522075
0.0000017812512099058449168
0.0000017829225112840740283
0.0000017846426865710567758
0.0000017864245411116649223
0.0000017882782112452534582
0.0000017902106846785227641
0.0000017922254451389481804
0.0000017943222731167089931
0.0000017964972004316565468
0.0000017987426547262163673
0.0000018010479818454787269
0.0000018034002510815550048
0.0000018057856908424213902
0.0000018081918598671621699
0.0000018106097204814079745
0.0000018130316723213259254
0.0000018154502224403430795
0.0000018178577259492830123
0.0000018202463739415990233
0.0000018226083050227376256
0.0000018249357292468167187
0.0000018272210542710609040
0.0000018294569879819139981
0.0000018316366047544532766
0.0000018337534007203105360
0.0000018358013494136010902
0.0000018377749529802928176
0.0000018396692885049401823
0.0000018414800485675077451
0.0000018432035727918564019
0.0000018448368596444797177
0.0000018463775566376687652
0.0000018478239482056824296
0.0000018491749464754793799
0.0000018504301119624549101
0.0000018515896995266321391
0.0000018526547059264661921
0.0000018536269053556646927
0.0000018545088476438714603
0.0000018553038220158928172
0.0000018560157838509213265
0.0000018566492588307719271
0.0000018572092578504769800
0.0000018577011804594595333
0.0000018581306102257619337
0.0000018585206740973313962
0.0000018589008172347369718
0.0000018592908184082724986
0.0000018597025165366061497
0.0000018601401174837796187
0.0000018606032291562407179
0.0000018610893108095051884
0.0000018615951090078342470
0.0000018621173719571096897
0.0000018626531546439166428
0.0000018631999177206287628
0.0000018637555317766694928
0.0000018643182433281256215
0.0000018648866295826583136
0.0000018654595547850868866
0.0000018660361309821543855
0.0000018666156841733734388
0.0000018671977231479823630
0.0000018677819075600374812
0.0000018683680187469297507
0.0000018689559325407331694
0.0000018695455970989768303
0.0000018701370160095944657
0.0000018707302360031578769
0.0000018713253392319060754
0.0000018719224380933810404
0.0000018725216721172277900
0.0000018731232055848179234
0.0000018737272254876672841
0.0000018743339397371085823
0.0000018749435755862400036
0.0000018755563782355745114
0.0000018761726096154189733
0.0000018767925473282633180
0.0000018774164837574846104
0.0000018780447253615477431
0.0000018786775921687348246
0.0000018793154174449680803
0.0000018799585474566092872
0.0000018806073410323601452
0.0000018812621686441760492
0.0000018819234111389430942
0.0000018825914580368331416
0.0000018832667059620109600
0.0000018839495574060116507
0.0000018846404195917104342
0.0000018853397032964288160
0.0000018860478211951231064
0.0000018867651852960228781
0.0000018874922029376085259
0.0000018882292708732575771
0.0000018889767679643173011
0.0000018897350454090074923
