13.0000000000000000000000000
0.0000003037263057696472999
0.0000002964707656159028844
0.0000002893904802252756850
0.0000002824846004425434106
0.0000002757522272092699678
0.0000002691924085497886948
0.0000002628041437320453043
0.0000002565863875043481592
0.0000002505380543363314258
0.0000002446580223485932793
0.0000002389451370422731319
0.0000002333982145536421933
0.0000002280160441692195234
0.0000002227973892033949128
0.0000002177409875735674304
0.0000002128455524128633022
0.0000002081097730955223398
0.0000002035323164528592373
0.0000001991118278584979593
0.0000001948469322409162235
0.0000001907362352651189040
0.0000001867783251334073924
0.0000001829717756008366371
0.0000001793151510325813934
0.0000001758070147806129167
0.0000001724459423696824567
0.0000001692305415998835210
0.0000001661594740213239466
0.0000001632314508931387030
0.0000001604451926177628469
0.0000001577994181552012679
0.0000001552928448451990179
0.0000001529241882150334953
0.0000001506921617706899326
0.0000001485954767688750146
0.0000001466328419669844518
0.0000001448029633477598067
0.0000001431045438149491589
0.0000001415362828558033066
0.0000001400968761657175630
0.0000001387850152297297181
0.0000001375993868549257433
0.0000001365386726470660747
0.0000001356015484239245586
0.0000001347866835569121879
0.0000001340927402315426417
0.0000001335183726161620119
0.0000001330622259271041360
0.0000001327229353770458299
0.0000001324991249917797613
0.0000001323894062789261485
0.0000001323923767302124124
0.0000001325066181368729810
0.0000001327306946954464761
0.0000001330631508787405072
0.0000001335025090440084372
0.0000001340472667474146675
0.0000001346958937306428774
0.0000001354468285420446989
0.0000001362984747510199821
0.0000001372491967103889668
0.0000001382973148173985054
0.0000001394411002197350139
0.0000001406787689085862136
0.0000001420084751365064130
0.0000001434283040937529384
0.0000001449362637731120075
0.0000001465302759503082541
0.0000001482081662053404992
0.0000001499676529100718307
0.0000001518063546623036806
0.0000001537218606241508385
0.0000001557117558819341156
0.0000001577736388124484109
0.0000001599051644909122259
0.0000001621040917020301639
0.0000001643683205945944470
0.0000001666959040703933564
0.0000001690850133871716952
0.0000001715338595543059813
0.0000001740405872340444418
0.0000001766032063596400674
0.0000001792195635222041656
0.0000001818873230512836890
0.0000001846039509555400719
0.0000001873667038652843045
0.0000001901726267741107011
0.0000001930185655861358408
0.0000001959012040755466044
0.0000001988171408172255711
0.0000002017630315989421700
0.0000002047358395623532860
0.0000002077332633870429165
0.0000002107544601128577006
0.0000002138012525702692041
0.0000002168801213842334242
0.0000002200054433770594256
0.0000002232046264904929693
0.0000002265260509327957171
0.0000002307732108382988120
0.0000002351425247343542690
0.0000002396826620275653714
0.0000002446298121912384869
0.0000002494400244086538213
0.0000002541214751580510594
0.0000002586685786815497643
0.0000002630685258568208717
0.0000002673057628897435332
0.0000002713648963382348555
0.0000002752323835623888212
0.0000002788973254894058169
0.0000002823516442235273544
0.0000002855898819720372723
0.0000002886088025589756603
0.0000002914069222007339889
0.0000002939840490639022960
0.0000002963408749695448936
0.0000002984786374511033198
0.0000003003988547953360799
0.0000003041633232784578221
0.0000003079762614199908296
0.0000003093801687293461455
0.0000003105462362281984476
0.0000003114695855044198719
0.0000003121484810005657069
0.0000003125842575859396942
0.0000003127807962408436024
0.0000003127437588691533253
0.0000003124797743222421211
0.0000003144998948733973273
0.0000003163018696381434492
0.0000003178309980315850662
0.0000003190267806038254206
0.0000003198252618150164657
0.0000003201628399075231745
0.0000003199820325535524917
0.0000003192387741544875780
0.0000003179102800470965960
0.0000003160011825874573417
0.0000003135453625154095519
0.0000003106028119135297135
0.0000003072520176274156338
0.0000003035797656866735867
0.0000002996707648955434255
0.0000002955991980549198982
0.0000002914233092966695684
0.0000002871830210986161896
0.0000002828999837699015612
0.0000002785793201163429585
0.0000002738559927566086974
0.0000002688324517147183040
0.0000002635029439959306775
0.0000002578615206480578825
0.0000002519021802626249931
0.0000002456190777592555966
0.0000002390068188854130877
0.0000002320608650611661972
0.0000002247780768444343963
0.0000002171574257851411730
0.0000002092009010612974516
0.0000002009146264520959635
0.0000001923101762498026515
0.0000001834060270391474144
0.0000001742289934100070846
0.0000001648153552058974052
0.0000001552111797020113380
0.0000001454710741959091352
0.0000001356542811709160735
0.0000001258166496180039914
0.0000001159966150700358433
0.0000001082155942026502146
0.0000001003152864871389981
0.0000000922773211114804938
0.0000000840803179199451274
0.0000000756993137175252680
0.0000000671063680209021166
0.0000000582719931540800196
0.0000000491670824215955410
0.0000000397646902878570329
0.0000000300406608567022071
0.0000000199726836463840052
0.0000000075600281245642981
-0.0000000054463519209983290
-0.0000000190625114830580058
-0.0000000332823315282873912
-0.0000000480667726363956159
-0.0000000633358655736974323
-0.0000000789744241724959361
-0.0000000923854401660195539
-0.0000001062287513472064428
-0.0000001205394582651785785
-0.0000001353634337730575117
-0.0000001507496592502127158
-0.0000001667431987014756059
-0.0000001833804909369868361
-0.0000002006864010227623693
-0.0000002186724086271489500
-0.0000002373354159585883749
-0.0000002566567320505566708
-0.0000002766015863067664396
-0.0000002971175600455981057
-0.0000003181336695282807102
-0.0000003395604151199310520
-0.0000003612908450388193836
-0.0000003832026407629672414
-0.0000004051612297930743224
-0.0000004270237946349236880
-0.0000004486439583501584808
-0.0000004698767943267003827
-0.0000004905837710131491382
-0.0000005106371891368564293
-0.0000005299237738239510329
-0.0000005483472235550286039
-0.0000005658296784405449345
-0.0000005823121399028459678
-0.0000005977539938789870481
-0.0000006121318092186057706
-0.0000006254376166992026711
-0.0000006376768096967674976
-0.0000006488659176865744916
-0.0000006590303259430108397
-0.0000006682020351579333013
-0.0000006764175509881242026
-0.0000006837159390222262733
-0.0000006901372319243807388
-0.0000006957213703100790474
-0.0000007005073474708781905
-0.0000007045320731516362340
-0.0000007078292778178801152
-0.0000007104285361690179860
-0.0000007123551322109094346
-0.0000007136309607997585628
-0.0000007142758806396688505
-0.0000007143092834569288412
-0.0000007137518364130239970
-0.0000007126273085885034816
-0.0000007109643329353430666
-0.0000007087979066613688524
-0.0000007061709000263360663
-0.0000007031351715942014353
-0.0000006997514631331741883
-0.0000006960886997945418659
-0.0000006922202693807296204
-0.0000006882166207630725789
-0.0000006836749336692571769
-0.0000006787905033002450460
-0.0000006743054565115312851
-0.0000006697921990849546522
-0.0000006643009535531651385
-0.0000006585718342857796348
-0.0000006526147730835686094
-0.0000006464394784538047002
-0.0000006400525963332982641
-0.0000006334574379261658649
-0.0000006266546715391499902
-0.0000006196432019478871219
-0.0000006124209348851899557
-0.0000006049853468881563158
-0.0000005973338693198735438
-0.0000005894641244524611941
-0.0000005813740545544855144
-0.0000005737540993182329837
-0.0000005658183267133863247
-0.0000005575497567938816576
-0.0000005489313155583822621
-0.0000005399457474083825807
-0.0000005305751641483486728
-0.0000005208005317521529474
-0.0000005106015048526592404
-0.0000004999567966221075395
-0.0000004888451595108439843
-0.0000004772469567558067952
-0.0000004651462118771966104
-0.0000004525329017261567180
-0.0000004404567209928264565
-0.0000004278591097472982240
-0.0000004147145422292772053
-0.0000004009997683091634354
-0.0000003866974024117925723
-0.0000003718012111560837997
-0.0000003563233058528142400
-0.0000003403029447366486015
-0.0000003238156345862656373
-0.0000003069796323899025023
-0.0000002899551556935860843
-0.0000002729307061174447341
-0.0000002560925905352353389
-0.0000002395789910655907089
-0.0000002234268522820653847
-0.0000002069892495657527125
-0.0000001905278607280598564
-0.0000001740349295566322973
-0.0000001580819495355460828
-0.0000001420483274486353656
-0.0000001259375221754679165
-0.0000001097538348383748921
-0.0000000935025637622961847
-0.0000000771901728839376635
-0.0000000608244660800537974
-0.0000000444147527269930904
-0.0000000279719788658979627
-0.0000000115087817010007518
0.0000000049605990037323317
0.0000000214206528461902738
0.0000000378553232010606384
0.0000000542493367540151832
0.0000000705904333152144385
0.0000000868729099832831472
0.0000001031030976985475832
0.0000001190925356608259759
0.0000001350195579761360498
0.0000001511650383053737173
0.0000001673367535963445886
0.0000001835309495992616532
0.0000001997394554124458280
0.0000002159470353741894199
0.0000002321280308499294844
0.0000002482433329500246575
0.0000002642408115775825746
0.0000002797581440230632801
0.0000002952097400092336295
0.0000003105888005702022167
0.0000003258872353741978651
0.0000003410959276752551940
0.0000003562053634526296302
0.0000003712061227083350754
0.0000003860892303005022999
0.0000004008463639563968996
0.0000004154699848124367291
0.0000004299534000690061402
0.0000004442907869139669291
0.0000004584772210098420373
0.0000004725086617935149180
0.0000004863819408476129941
0.0000005000949595055662417
0.0000005136469377951141190
0.0000005270385331110320553
0.0000005402719320568016856
0.0000005533509484466978724
0.0000005662811933368900425
0.0000005790704002828745721
0.0000005917289264479490203
0.0000006042704261126468660
0.0000006167126171184079915
0.0000006290778672201642024
0.0000006413935143913312233
0.0000006536921689957896694
0.0000006660115156022749513
0.0000006783936527858786388
0.0000006908840017486326117
0.0000007035296634810514470
0.0000007163771125332437875
0.0000007294695496314122784
0.0000007428443151426110552
0.0000007565308184528976789
0.0000007705492054944627382
0.0000007849096841991115822
0.0000007996124950430484867
0.0000008146485121915053692
0.0000008300003674320921019
0.0000008456439158634274366
0.0000008615498812512938443
0.0000008776855249440616126
0.0000008940162374029332182
0.0000009105070107583575162
0.0000009271237190097471760
0.0000009438341450833857907
0.0000009606087581050904959
0.0000009774212296876564833
0.0000009942487061853532721
0.0000010110718467340316447
0.0000010278745814164324720
0.0000010446438511525689070
0.0000010613695963869288302
0.0000010780446959099341647
0.0000010946647019410392472
0.0000011112275407113179421
0.0000011277332439029261224
0.0000011441837118062939257
0.0000011605825224334552111
0.0000011769347876943114164
0.0000011932470829578091575
0.0000012095274717627119189
0.0000012257856308349461543
0.0000012420330633722395396
0.0000012582833576086678866
0.0000012745523886848707342
0.0000012908582586121441334
0.0000013072206783921857833
0.0000013236595034901409941
0.0000013401921565982646888
0.0000013568299581656571060
0.0000013735740723558671663
0.0000013904124779350628644
0.0000014073192237681754690
0.0000014242569381478601158
0.0000014411822852302772048
0.0000014580531848152722482
0.0000014748359277824736167
0.0000014915090434673336094
0.0000015080620814783703246
0.0000015244902586033294955
0.0000015407876297702024500
0.0000015569437014576896961
0.0000015729456223067338314
0.0000015887806103352299176
0.0000016044049065561722645
0.0000016197547964594561498
0.0000016348542949420522732
0.0000016499183118173163921
0.0000016648264266556226304
0.0000016794627845526325307
0.0000016939582222833493209
0.0000017083095507240138369
0.0000017225125604145589470
0.0000017365616830702048939
0.0000017504495354409414385
0.0000017641663369391609596
0.0000017776992639485063463
0.0000017910320179110615198
0.0000018041454285692157264
0.0000018170210846134203759
0.0000018296519241815618497
0.0000018423108222230693046
0.0000018547884633606736010
0.0000018670924202964385713
0.0000018792269346023588202
0.0000018911929889947548270
0.0000019029905845045425567
0.0000019146193929779015420
0.0000019260788341916976957
0.0000019373681442719004683
0.0000019484864435125605083
0.0000019594328389284355017
0.0000019702066734506576985
0.0000019808078872758316985
0.0000019912372665675882717
0.0000020014965577461364207
0.0000020115884711781527747
0.0000020215165958811855229
0.0000020312852518811534507
0.0000020408992952997517265
0.0000020503639161024921136
0.0000020596844303854482790
0.0000020688660825798844710
0.0000020779138418215848613
0.0000020868321152843644207
0.0000020956245574816381085
0.0000021042942977567251283
0.0000021128442360890243001
0.0000021212769292534724694
0.0000021295942813551907906
0.0000021377970949020959506
0.0000021458847609676062385
0.0000021538552699584110917
0.0000021617053318814359874
0.0000021694305204571691968
0.0000021770254263737801656
0.0000021844838056890871592
0.0000021917987169388902029
0.0000021989626396344087607
0.0000022059675764357618646
0.0000022128051365263803776
0.0000022194666036504719312
0.0000022259429873789870201
0.0000022322250529150969370
0.0000022383033219204100368
0.0000022441680279591879451
0.0000022498090552950372062
0.0000022552160198581538599
0.0000022603785525124885067
0.0000022652867618812813287
0.0000022699317477112316842
0.0000022743059534803763909
0.0000022784033561806297410
0.0000022822195441902420094
0.0000022857517078386270334
0.0000022889985665681203589
0.0000022919602393711551309
0.0000022946380194142532941
0.0000022970341016474526315
0.0000022991513078788547249
0.0000023009928444826897249
0.0000023025621164520521591
0.0000023038625718445828452
0.0000023048975668553321870
0.0000023056702441134154458
0.0000023061834201131056196
0.0000023064395305958356795
0.0000023064406559594840278
0.0000023061886312384232476
0.0000023056852369082874304
0.0000023049324268743775458
0.0000023039325985942151711
0.0000023026888146283615126
0.0000023012049656049329286
0.0000022994858704515295005
0.0000022975373000147220856
0.0000022953659410019368327
0.0000022929793011949976663
0.0000022903855808371729719
0.0000022875935136003909258
0.0000022846122285587135230
0.0000022814511344803321304
0.0000022781198348336629562
0.0000022746280667208476491
0.0000022709856564689809675
0.0000022672024852963451578
0.0000022632884585770253705
0.0000022592534731773308039
0.0000022551073761706562663
0.0000022508599113747344379
0.0000022465206487070560379
0.0000022420988942912519656
0.0000022376035791075036597
0.0000022330431296002254512
0.0000022284253219594015797
0.0000022237571220034498505
0.0000022190445165950986345
0.0000022142923463046520199
0.0000022095041479090375462
0.0000022046820179668090477
0.0000021998265043567928258
0.0000021949365357100762065
0.0000021900094005831720213
0.0000021850406902202470405
0.0000021800241731264126849
0.0000021749518147321196331
0.0000021698139668194836364
0.0000021645996987992509287
0.0000021592972279828508872
0.0000021538944132791657470
0.0000021483792736299508250
0.0000021427404929714381253
0.0000021369678845317812645
0.0000021310528006411324795
0.0000021249884684870635056
0.0000021187702486231833276
0.0000021123957952586796094
0.0000021058650988534702411
0.0000020991803619832493647
0.0000020923457534325912849
0.0000020853672253334950664
0.0000020782525505073567513
0.0000020710114203374037989
0.0000020636554772149379938
0.0000020561982738504002055
0.0000020486551727361813074
0.0000020410431935556289500
0.0000020333808160958410990
0.0000020256877502273633035
0.0000020179846856391573205
0.0000020102930375055080873
0.0000020026347199103388649
0.0000019950319356133647965
0.0000019875069441058797729
0.0000019800818063192706132
0.0000019727780944219252513
0.0000019656165915955090711
0.0000019586170332104944988
0.0000019517978686386446204
0.0000019451760252373223116
0.0000019387666871756953212
0.0000019325831050394479639
0.0000019266364469022113975
0.0000019209357066765894128
0.0000019154876617870161571
0.0000019102968664489528861
0.0000019053657162889008546
0.0000019006946017048837416
0.0000018962821591378907505
0.0000018921256149152385957
0.0000018882212295390839692
0.0000018845648487308717942
0.0000018811524246366400069
0.0000018779803784636813269
0.0000018750456053991301736
0.0000018723451590417120011
0.0000018698757952875118396
0.0000018676335762417052492
0.0000018656136655751522008
0.0000018638101909891199309
0.0000018622161559780718927
0.0000018608234207689977880
0.0000018596227208296990453
0.0000018586036258418385184
0.0000018577543940329578138
0.0000018570617035233192598
0.0000018565103498615577502
0.0000018560830244240203977
0.0000018557602999904508337
0.0000018555209069885358221
0.0000018553423270940705922
0.0000018552015855266382565
0.0000018550761647679064846
0.0000018549448409417933221
0.0000018547883819115839560
0.0000018545900713986605881
0.0000018543360741291858315
0.0000018540156500564115184
0.0000018536212720385664750
0.0000018531486390345854474
0.0000018525966088266249951
0.0000018519670416946256663
0.0000018512645945457054864
0.0000018504964821169655658
0.0000018496722467015306466
0.0000018488035463777274974
0.0000018479039692777133255
0.0000018469888465788187402
0.0000018460750533335897639
0.0000018451807017830933000
0.0000018443247585981451156
0.0000018435266450098874128
0.0000018428058800050928971
0.0000018421818854404556018
0.0000018416739212165670901
0.0000018413010938847088651
0.0000018410824048062469919
0.0000018410368168319387847
0.0000018411833168167384814
0.0000018415410357210879959
0.0000018421296545031969763
0.0000018429696410975812259
0.0000018440820346253956588
0.0000018454881179179289057
0.0000018472097192431480817
0.0000018492689900174990430
0.0000018516872192147271963
0.0000018544824813335036258
0.0000018576691964093359569
0.0000018612598007181197681
0.0000018652677501826301140
0.0000018697107667221774891
0.0000018746127078381325914
0.0000018800034985061739551
0.0000018859171394235554771
0.0000018923887110524818465
0.0000018994517973015250272
0.0000019071364708189263521
0.0000019154687457876399889
0.0000019244705154307372596
0.0000019341598963491519004
0.0000019445510557481147397
0.0000019556534129923979436
0.0000019674705126229855122
0.0000019799987158178884418
0.0000019932252779580297676
0.0000020071263334179996814
0.0000020216663649427561565
0.0000020368001521473653591
0.0000020524792671021353461
0.0000020686575958983527748
0.0000020852935858354858648
0.0000021023508567209199161
0.0000021197983270377475822
0.0000021376092610988611403
0.0000021557596279769059139
0.0000021742265166273591039
0.0000021929867780098638149
0.0000022120158915752970498
0.0000022312872469619967384
0.0000022507719910626684206
0.0000022704390219678472577
0.0000022902544052580036964
0.0000023101801897786227035
0.0000023301707993143248210
0.0000023501660510175832944
0.0000023698510196379194112
0.0000023888562689168520529
0.0000024069893071243574165
0.0000024241718763971636479
0.0000024403979360939284287
0.0000024577584345076969274
0.0000024747153543754725550
0.0000024912321538001903600
0.0000025072727702500651105
0.0000025228024083273283237
0.0000025377882338929299153
0.0000025521996551108939930
0.0000025660082366822446921
0.0000025791873204767638980
0.0000025917103908636639064
0.0000026035476785131724605
0.0000026146611764837472058
0.0000026249988151651018652
0.0000026344895302369115853
0.0000026430411995719081658
0.0000026505436535260228450
0.0000026568783454572614560
0.0000026619343960573607792
0.0000026656280667578258722
0.0000026679200445417573804
0.0000026688244841731839908
0.0000026684063006402651391
0.0000026667679351257618106
0.0000026640305308598877608
0.0000026603150559800156875
0.0000026557270711736861052
0.0000026503479581219659317
0.0000026442322684311734160
0.0000026374092341090806690
0.0000026298864131498818029
0.0000026216540114815305724
0.0000026126890030426193241
0.0000026029587209182380028
0.0000025924237864333776758
0.0000025810405060133425870
0.0000025687629223997913382
0.0000025555447814112574231
0.0000025413416142284923216
0.0000025261131835082014629
0.0000025098265178411431435
0.0000024924597284439133301
0.0000024754048480112666575
0.0000024579765161258300849
0.0000024403760942121528064
0.0000024227554923964192837
0.0000024052171688027931419
0.0000023878253938878950130
0.0000023706178327671989326
0.0000023536143836759691190
0.0000023368232414321356038
0.0000023202451331878782222
0.0000023038762302666286507
0.0000022877100949365699537
0.0000022717389735452279273
0.0000022559546549347742537
0.0000022403490383894299336
0.0000022249145061462236909
0.0000022096441634567390040
0.0000021945319883264925647
0.0000021726601651295865026
0.0000021506276050637560401
0.0000021284542561939278866
0.0000021061653561630042458
0.0000020905153018914560756
0.0000020741111206404025106
0.0000020572783822737410539
0.0000020405083244977240845
0.0000020242665848638251141
0.0000020088868943075522040
0.0000019945498393572524257
0.0000019813116600803016198
0.0000019691476925600756740
0.0000019579904138343062651
0.0000019432674649028331703
0.0000019296677888584132220
0.0000019171800425326891333
0.0000019057827845105178186
0.0000018954495897541135259
0.0000018861507573429026853
0.0000018778503076535637388
0.0000018704992891258961900
0.0000018664646724043388065
0.0000018628255878437296692
0.0000018593999946583090487
0.0000018560693350341891543
0.0000018527926371078282931
0.0000018495806882461230816
0.0000018464672064908575708
0.0000018434906057259749156
0.0000018406856307684593953
0.0000018380807727288717982
0.0000018356983113401213891
0.0000018335552709761278190
0.0000018302270652165548707
0.0000018273720357527013837
0.0000018249856382122631656
0.0000018230627738369527468
0.0000018215980419239014456
0.0000018205863094347176145
0.0000018200237386681155228
0.0000018199092475179277358
0.0000018202464375206814789
0.0000018210463154827270324
0.0000018223304996911391773
0.0000018241340457050007408
0.0000018265061176180641240
0.0000018295075268369276334
0.0000018332070122427256581
0.0000018376772445446564094
0.0000018416771679602384290
0.0000018459696612177949808
0.0000018504348067258129474
0.0000018549794830210299572
0.0000018595407716523196914
0.0000018640805970442806541
0.0000018685783837146817510
0.0000018730247532771087435
0.0000018774169986214789276
0.0000018817561311127402219
0.0000018909512794552782595
0.0000019010488625801914108
0.0000019120812137199794999
0.0000019240814388755205014
0.0000019370857271988283329
0.0000019511340924390564009
0.0000019662679073979634699
0.0000019825244537337111097
0.0000019999294510268766822
0.0000020184881565069276713
0.0000020381758844134122197
0.0000020589278808479886257
0.0000020806299105418604309
0.0000021031109871770713614
0.0000021261407689631619439
0.0000021494330927412820390
0.0000021726566061740452573
0.0000021954518003660859987
0.0000022174529211465313548
0.0000022383137913732827321
0.0000022577350910599694292
0.0000022754880211273422158
0.0000022914259196565131000
0.0000023054844748416250641
0.0000023176739207069503268
0.0000023280653410120441218
0.0000023367735773024424162
0.0000023439402400010113381
0.0000023497189776583888047
0.0000023542640354115239017
0.0000023577225329012819052
0.0000023601517427069853011
0.0000023614966752838717356
0.0000023624104728523284990
0.0000023625992685116264668
0.0000023621590776084361646
0.0000023611630938942645614
0.0000023596623234599654171
0.0000023576873539717277024
0.0000023552525996864569160
0.0000023523630574904619879
0.0000023500564944544078732
0.0000023474249072201870598
0.0000023444509247691093269
0.0000023411167982621783698
0.0000023374054944326649359
0.0000023322318044943022222
0.0000023266114238450215883
0.0000023205448297906031291
0.0000023140323064582302955
0.0000023070742804180583913
0.0000022996715071612198692
0.0000022918251269300439795
0.0000022835366327258802734
0.0000022748077105861612293
0.0000022656399875314613562
0.0000022560347049121729339
0.0000022459923406047852580
0.0000022355122264333087167
0.0000022245921786238165281
0.0000022132281900978444006
0.0000022014142703871716614
0.0000021891425549148802075
0.0000021764038377438616632
0.0000021631886860325926972
0.0000021494892454546383437
0.0000021353017148147878718
0.0000021206292422699680955
0.0000021054847139884441726
0.0000020898926801191849628
0.0000020738896370782181499
0.0000020575221846657880120
0.0000020408431763204185176
0.0000020239066473991044372
0.0000020067626216043057395
0.0000019894527266998084623
0.0000019720076896703450199
0.0000019544469391590105255
0.0000019367798657879256606
0.0000019190080549333116815
0.0000019011278436546573537
0.0000018831327409746752952
0.0000018650154439535076824
0.0000018467693249223953169
0.0000018283893429440896068
0.0000018098723397604788400
0.0000017912167168003057065
0.0000017743791559742437329
0.0000017572931942384228079
0.0000017399520808199364568
0.0000017223491152402001009
0.0000017044780412357707882
0.0000016863336268841099725
0.0000016679124887875798470
0.0000016492142190378655894
0.0000016302428568567792283
0.0000016110086941912609907
0.0000015915302889909081609
0.0000015718363472768219694
0.0000015519667962160469408
0.0000015319719095005873289
0.0000015119078443653350027
0.0000014918265878239763324
0.0000014717582729880955610
0.0000014516839060025104675
0.0000014308306774136662504
0.0000014099174566046723081
0.0000013889304521131564901
0.0000013678649659638156350
0.0000013472467082814796559
0.0000013263735135718673819
0.0000013052393524445659159
0.0000012838516136141980158
0.0000012622398952033412126
0.0000012404668930846235630
0.0000012186385021405807656
0.0000011969063325414306836
0.0000011754517522703092931
0.0000011544411121650553449
0.0000011337930392413189481
0.0000011132904390233901161
0.0000010929098983433901854
0.0000010726255861553985367
0.0000010524148110569781265
0.0000010322613834581447100
0.0000010121570609946082233
0.0000009921012574182021924
0.0000009729410701316087427
0.0000009538752993875844453
0.0000009349007402886662590
0.0000009160128805086448991
0.0000008972052765398657015
0.0000008784687178759620427
0.0000008597902368883695917
0.0000008411523253986429819
0.0000008225335672270828260
0.0000008039138323378856058
0.0000007852900174097251046
0.0000007667063868353617669
0.0000007474228237019314671
0.0000007281734717845548239
0.0000007090002629020304856
0.0000006899478466018813653
0.0000006710574682921943932
0.0000006523627049895647841
0.0000006338883374212463423
0.0000006156514698492011586
0.0000005976641646132830188
0.0000005799363160744073650
0.0000005624777581813732706
0.0000005452994501753386880
0.0000005284134003024541871
0.0000005118319771319969255
0.0000004955670777898765085
0.0000004796294570518510720
0.0000004648175565889183750
0.0000004501930269287887278
0.0000004357376965503950372
0.0000004214284204938938158
0.0000004072361519870415109
0.0000003931253894634550065
0.0000003790549123662251505
0.0000003649817184065506832
0.0000003508713913175637506
0.0000003367179053993328731
0.0000003231411596377133606
0.0000003099587377057630207
0.0000002971962481933770754
0.0000002848765221808953509
0.0000002730182918681951523
0.0000002616370773911133774
0.0000002507470030297084361
0.0000002403626930223881308
0.0000002305005318618352185
0.0000002211790482664762875
0.0000002124183815099359057
0.0000002042387712868535274
0.0000001966581006777050312
0.0000001896887887353139840
0.0000001833348752104338380
0.0000001775899341500809665
0.0000001724364683306537899
0.0000001678469455819678233
0.0000001637862926750226666
0.0000001602153735456566779
0.0000001570947700514600351
0.0000001543881816876563005
0.0000001520649646069771468
0.0000001501015711928754987
0.0000001484818404468128652
0.0000001471962606355559322
0.0000001462403558195854090
0.0000001456123560169651053
0.0000001453104077245477376
0.0000001453296735137360407
0.0000001456600499616959175
0.0000001462375148128288035
0.0000001473335354237523938
0.0000001486710374349491918
0.0000001502164358010418537
0.0000001519450312287832897
0.0000001538316936074528499
0.0000001558509856992747818
0.0000001579775392923912823
0.0000001601862542831201248
0.0000001624524553375009004
0.0000001647520655134441776
0.0000001670617878921998267
0.0000001693592919822704640
0.0000001716234234938812477
0.0000001738344399150223738
0.0000001759742463135973823
0.0000001780266320568916810
0.0000001799775026960914300
0.0000001818150931184500505
0.0000001835301411152253444
0.0000001851160046376176460
0.0000001865687201207004725
0.0000001878869915479382424
0.0000001890721170107494716
0.0000001901278428017132728
0.0000001910601278896889465
0.0000001918768153211542977
0.0000001925872121799382570
0.0000001932016056632025861
0.0000001937307441627010272
0.0000001941853258110437903
0.0000001945755488732793844
0.0000001949107393619391606
0.0000001951990197565613210
0.0000001954544845669702977
0.0000001957034285628563114
0.0000001959587271431688475
0.0000001962280819766970730
0.0000001965142274661078163
0.0000001968169080027217735
0.0000001971344716927634038
0.0000001974648040816210795
0.0000001978057923760205084
0.0000001981555236049722998
0.0000001985123487415518445
0.0000001988748853712533948
0.0000001992419955158490074
0.0000001996127561888402686
0.0000001999864309973275084
0.0000002003624446249478439
0.0000002007403608188868813
0.0000002011198621257333252
0.0000002015007291397795692
0.0000002018828215347571727
0.0000002022660603862315643
0.0000002026504137518477728
0.0000002030358856797912140
0.0000002034225082156752578
0.0000002038103363841619443
0.0000002041994448275513849
0.0000002045899257878594110
0.0000002049818875650261016
0.0000002053754531945484065
0.0000002057707592876226329
0.0000002061679550085603457
0.0000002065672011709827993
0.0000002069686694483477431
0.0000002073725416880137505
0.0000002077790093330512143
0.0000002081882729643561079
0.0000002086005419729675349
0.0000002090160343447819434
0.0000002094349765069332192
0.0000002098576030433604253
0.0000002102841560973306127
0.0000002107148845466334212
0.0000002111500428964767502
0.0000002115898902583964818
0.0000002120346895457056772
0.0000002124847067342861970
0.0000002129402100965362064
0.0000002134014691222054140
0.0000002138687528472422649
0.0000002143423272443208530
0.0000002148224513664449398
0.0000002153093725836669107
0.0000002158033202165047047
