4.0000000000000000000000000
0.0000006554930707232724020
0.0000006041760428744882397
0.0000005536853312853889390
0.0000005040236818056850289
0.0000004551941356200834454
0.0000004072000472406141663
0.0000003600450362232266830
0.0000003137329300645506125
0.0000002682677042739764484
0.0000002236534229909760519
0.0000001798941838054746900
0.0000001369940665471545810
0.0000000949570841690760165
0.0000000537871276247177563
0.0000000134879148211898104
-0.0000000259370538236308195
-0.0000000644845268576830358
-0.0000001021515196985179781
-0.0000001389353265891710887
-0.0000001748335302297787881
-0.0000002098440114165848818
-0.0000002439649601741551240
-0.0000002771948891595939867
-0.0000003095326494633134898
-0.0000003409774482238521009
-0.0000003715288657501322237
-0.0000004011868643249276229
-0.0000004299517649975733089
-0.0000004578241439207287840
-0.0000004848047006257650743
-0.0000005108943480114126974
-0.0000005360942457063091414
-0.0000005604057999924715030
-0.0000005838306626365582566
-0.0000006063707283565440566
-0.0000006280281305947904918
-0.0000006488052352009907249
-0.0000006687046315479831109
-0.0000006877291205074474485
-0.0000007058816985980456905
-0.0000007231655374817538466
-0.0000007395839578202614286
-0.0000007551403963059736897
-0.0000007698383644428215834
-0.0000007836813973582708746
-0.0000007966729860493097898
-0.0000008088164579241820560
-0.0000008201147505303670611
-0.0000008305701149556948289
-0.0000008401838120435709058
-0.0000008489558416993805471
-0.0000008568847227502348265
-0.0000008639673006748446747
-0.0000008701985128853935331
-0.0000008755710307496171458
-0.0000008800746728592665107
-0.0000008836955196502719081
-0.0000008864145587905633499
-0.0000008882055809320468296
-0.0000008890318801606722018
-0.0000008888411694358938640
-0.0000008875583849668643948
-0.0000008850777009927377580
-0.0000008812603066242282787
-0.0000008738649836633332473
-0.0000008651386418585803060
-0.0000008550439116657894013
-0.0000008435330082413442932
-0.0000008305501710348926958
-0.0000008160362419637983082
-0.0000007999354207469939200
-0.0000007822039822066712167
-0.0000007628203118814974612
-0.0000007417956536303023549
-0.0000007191846335517696328
-0.0000006950946321989404379
-0.0000006696916295544405992
-0.0000006431991544030165200
-0.0000006158870508945713320
-0.0000005880500141685971165
-0.0000005599788908312153605
-0.0000005319307870907396968
-0.0000005041046876494525888
-0.0000004766278924489234685
-0.0000004495550445746332182
-0.0000004228780628095449066
-0.0000003965437331706835095
-0.0000003704754058493894728
-0.0000003445973621804452964
-0.0000003188604437046593118
-0.0000002961355272448151571
-0.0000002729855170153176925
-0.0000002493359271159217296
-0.0000002251005701015801883
-0.0000002001872981242229538
-0.0000001745139183091097887
-0.0000001480427531316778113
-0.0000001208409674144408888
-0.0000000940652530015369216
-0.0000000678051666723964958
-0.0000000421703423401334613
-0.0000000172614186582885715
0.0000000068380861334130318
0.0000000300664437580674671
0.0000000523839566165278665
0.0000000737691746030267099
0.0000000942133407201410198
0.0000001137156842071923347
0.0000001322803264446981822
0.0000001499144323611721822
0.0000001666266948991580335
0.0000001824258460227871639
0.0000001973191023991163340
0.0000002113106248108573526
0.0000002244003128498351353
0.0000002365837547331624208
0.0000002478517849842912470
0.0000002581880833756393579
0.0000002675676584465085818
0.0000002759594803746945108
0.0000002833315217637274638
0.0000002896572368795324832
0.0000002949176854875551453
0.0000002991006774261907607
0.0000003021999878994236807
0.0000003042162255151468813
0.0000003051583112029740040
0.0000003050441546052026233
0.0000003038998474283038930
0.0000003017572430556542748
0.0000002986500284236937548
0.0000002946090513743536897
0.0000002896585192622109491
0.0000002838143428102772489
0.0000002770845138121189932
0.0000002694695650070762726
0.0000002609615342983946011
0.0000002515415849553062207
0.0000002411794988305637930
0.0000002298362258051944329
0.0000002174692198390725055
0.0000002040362646026148864
0.0000001894914309049204864
0.0000001737855343674782253
0.0000001568816357260329285
0.0000001387807050045367273
0.0000001195306546213133069
0.0000000957426714521205745
0.0000000712690572192849148
0.0000000466621620184293755
0.0000000222173564472302502
-0.0000000019415709916023212
-0.0000000257861168430357068
-0.0000000493346951451525853
-0.0000000726260227562654045
-0.0000000957843033626525439
-0.0000001192833015707264358
-0.0000001431366203340627711
-0.0000001673615980113626932
-0.0000001919820277767753992
-0.0000002170338917443942177
-0.0000002425723894106472024
-0.0000002686771090238552960
-0.0000002954522823695514568
-0.0000003230192320497735717
-0.0000003514973944199783780
-0.0000003809695516013666203
-0.0000004114316624809011221
-0.0000004427350053455250599
-0.0000004745448171882359894
-0.0000005065947224853753577
-0.0000005361608349568019181
-0.0000005620206133930500745
-0.0000005842249675108878077
-0.0000006033763160301424854
-0.0000006201281219137582272
-0.0000006350066767230904598
-0.0000006483918052703959265
-0.0000006605456843750119619
-0.0000006780238722889492982
-0.0000006948739201864005652
-0.0000007110775902867214779
-0.0000007265877878224243266
-0.0000007413256587385879614
-0.0000007551804199499948853
-0.0000007680108817639097652
-0.0000007796498619952249037
-0.0000007899126552188359447
-0.0000007986102066701060107
-0.0000008055665795667900431
-0.0000008106388211282804097
-0.0000008137357914639153505
-0.0000008148316782293681016
-0.0000008139705304424673460
-0.0000008112602601766674782
-0.0000008068575202613553150
-0.0000008009474172454906714
-0.0000007937227727275137791
-0.0000007853669860125031820
-0.0000007760421989471446566
-0.0000007658835807897091350
-0.0000007549993252153163683
-0.0000007434747737412855713
-0.0000007313789093819896658
-0.0000007187717718192328913
-0.0000007057117758157348856
-0.0000006922623551572613538
-0.0000006784976648657339960
-0.0000006645073402067144716
-0.0000006504003869219419715
-0.0000006363081594511022228
-0.0000006223861832624100932
-0.0000006088142525224285630
-0.0000005957946779380760076
-0.0000005835487663691965465
-0.0000005723118125084893129
-0.0000005623269003113745636
-0.0000005538376989808224918
-0.0000005470804734981417913
-0.0000005422756709611539332
-0.0000005396195588732720116
-0.0000005392763433388883707
-0.0000005413711666908701721
-0.0000005459843811094504537
-0.0000005531474631756998940
-0.0000005628407303131780217
-0.0000005749930931652251441
-0.0000005894840057341603323
-0.0000006061476217551804405
-0.0000006247790092099452871
-0.0000006451421143474444024
-0.0000006669791048223540466
-0.0000006900208616157165416
-0.0000007139981397169749426
-0.0000007386525922312142585
-0.0000007637465757662723361
-0.0000007890711474223343756
-0.0000008144516271820021445
-0.0000008397500942032126362
-0.0000008648641022100717750
-0.0000008897211290334658695
-0.0000009142708815131639129
-0.0000009384798257644764283
-0.0000009623296397838327777
-0.0000009858162324505772299
-0.0000010089480083089305634
-0.0000010317433670465515385
-0.0000010542273657844931776
-0.0000010764277569868455528
-0.0000010983702082156620740
-0.0000011200717503255646230
-0.0000011415318535069333671
-0.0000011627213977000396010
-0.0000011835734591937883838
-0.0000012039791557650438808
-0.0000012237894470519622761
-0.0000012428245168311853623
-0.0000012608922711077541210
-0.0000012778149773840130608
-0.0000012934561184322437086
-0.0000013077390166048427885
-0.0000013206523396819982371
-0.0000013322418518494328179
-0.0000013425934645932337912
-0.0000013518197150897511505
-0.0000013600472198941252025
-0.0000013638361672186033030
-0.0000013672370867929774984
-0.0000013704806472710283532
-0.0000013764637049988273077
-0.0000013818501477237019389
-0.0000013843768384685022649
-0.0000013868669022502974043
-0.0000013893287207738065018
-0.0000013917665853711060730
-0.0000013941777498883918668
-0.0000013965536108586558947
-0.0000013988818143539807391
-0.0000014011481480507160730
-0.0000014033379343709916841
-0.0000014054369499380621098
-0.0000014074319808514390337
-0.0000014093111226778358977
-0.0000014110639033099426505
-0.0000014119013995385156780
-0.0000014122094511602066318
-0.0000014119629319546735666
-0.0000014096238525585578141
-0.0000014060574774641238538
-0.0000014011542472103870729
-0.0000013948115789599818666
-0.0000013869602060479330446
-0.0000013776118300639182509
-0.0000013669348014870392036
-0.0000013553525384468286915
-0.0000013436242079839638415
-0.0000013374170684243179515
-0.0000013317453530186412643
-0.0000013267789307120116167
-0.0000013226434693285139740
-0.0000013194042813366528087
-0.0000013170609276047252929
-0.0000013155540209706646275
-0.0000013147821253121125337
-0.0000013146240952451549794
-0.0000013149614928291692105
-0.0000013156963371891976294
-0.0000013167614120738725293
-0.0000013181217719218518098
-0.0000013197677666323397555
-0.0000013217024272117677652
-0.0000013234263435001681461
-0.0000013252927157375471422
-0.0000013273071576930281717
-0.0000013294803648388307708
-0.0000013318315017679163913
-0.0000013343930559761830161
-0.0000013372165788353132739
-0.0000013403763859485351335
-0.0000013439632374978445824
-0.0000013486141396117615355
-0.0000013535171173490796255
-0.0000013586602819916107029
-0.0000013640398289018173858
-0.0000013696603147046509685
-0.0000013755340913682692789
-0.0000013816801193852236260
-0.0000013881224294612149869
-0.0000013948884640232816060
-0.0000014020071677109341674
-0.0000014095069038149140555
-0.0000014174139294714473116
-0.0000014257518618580246219
-0.0000014345419176541606852
-0.0000014438031449059148869
-0.0000014535528440112085579
-0.0000014638076504296245094
-0.0000014745848987367917077
-0.0000014859040658821120358
-0.0000014977880985855258213
-0.0000015102645825375915063
-0.0000015233663375923181380
-0.0000015371308906799574981
-0.0000015515985914364487291
-0.0000015668093199252077391
-0.0000015827965189357282888
-0.0000015995788742880940362
-0.0000016171499545906289706
-0.0000016354665154179684381
-0.0000016544368725436161294
-0.0000016739115465212176295
-0.0000016936789536594909290
-0.0000017134681836281334582
-0.0000017329604936467578463
-0.0000017518094186261667448
-0.0000017696676020984495544
-0.0000017862169890789187473
-0.0000018011974682806617555
-0.0000018144287927496455335
-0.0000018258222371523029183
-0.0000018353808709882658383
-0.0000018431891027480212026
-0.0000018493943838281713066
-0.0000018541844947777158412
-0.0000018577656668919066285
-0.0000018603447356878718217
-0.0000018621173330574023784
-0.0000018632618550933136252
-0.0000018639396226015848273
-0.0000018642969609235177676
-0.0000018644664776166412007
-0.0000018645665065220007340
-0.0000018647002723638180636
-0.0000018649545278310765846
-0.0000018653980305589284697
-0.0000018660818224897139346
-0.0000018670410908826323174
-0.0000018682988032883206645
-0.0000018698705009638388054
-0.0000018717692819260451042
-0.0000018740088288885255118
-0.0000018766033597627184053
-0.0000018795645307512094319
-0.0000018828967673840360868
-0.0000018865930009585157026
-0.0000018906325039732741124
-0.0000018949818269989730806
-0.0000018995992483448353862
-0.0000019044425214617071891
-0.0000019094791512148638437
-0.0000019146976289578036124
-0.0000019201170095301475657
-0.0000019257901873171421898
-0.0000019317956636239654615
-0.0000019382156271655013108
-0.0000019451042080901796125
-0.0000019524575751263433211
-0.0000019601999225542884326
-0.0000019681935170038202741
-0.0000019762681844972729570
-0.0000019842533218991010948
-0.0000019919967670126880987
-0.0000019993647171648483768
-0.0000020062204490812765321
-0.0000020124094332302458029
-0.0000020177621755269727458
-0.0000020221055366291361032
-0.0000020214694059673089994
-0.0000020200059461045199535
-0.0000020215474747609977879
-0.0000020217455418087423792
-0.0000020181860301643433904
-0.0000020141574654051628517
-0.0000020096925161955184575
-0.0000020048298857323486495
-0.0000019996140817632804773
-0.0000019940943129163446034
-0.0000019883218101620905615
-0.0000019823444511391048866
-0.0000019761970996689857606
-0.0000019698860018049814853
-0.0000019633674312285970758
-0.0000019565287099302616497
-0.0000019492032063819905710
-0.0000019366728278309781009
-0.0000019221498891401037072
-0.0000019056846154689778046
-0.0000018873122680869870530
-0.0000018670459182834242074
-0.0000018448747877149079068
-0.0000018207598219340446639
-0.0000017946315885230665223
-0.0000017663922232919968149
-0.0000017359231660022962460
-0.0000017030996805465936971
-0.0000016678121665557233074
-0.0000016299922597176080484
-0.0000015896393624072282955
-0.0000015468411423478274222
-0.0000015017816578507518657
-0.0000014547332010633740210
-0.0000014060323853961130723
-0.0000013560453916116965222
-0.0000013051305363138801551
-0.0000012536065891120084885
-0.0000012017331212298470958
-0.0000011497052974911313312
-0.0000010976594338783996407
-0.0000010456885584366672942
-0.0000009938684985659656004
-0.0000009422850380464049141
-0.0000008910457914208511851
-0.0000008402679326977019472
-0.0000007900624596688954018
-0.0000007405316467397187065
-0.0000006917712275802471196
-0.0000006438733215775315059
-0.0000005969296885742392819
-0.0000005510347950042009738
-0.0000005062884316738924136
-0.0000004627974227199056438
-0.0000004206761613860004078
-0.0000003800457049426304610
-0.0000003410324525939010995
-0.0000003037653145801117640
-0.0000002683696105094594293
-0.0000002349586151091113824
-0.0000002036246803897131382
-0.0000001744317330678748882
-0.0000001474121418693605028
-0.0000001225683542876311367
-0.0000000998777288832822471
-0.0000000792990823654891520
-0.0000000607798379475779385
-0.0000000442631617830842948
-0.0000000296949264929500855
-0.0000000170302254937086678
-0.0000000062391562156844196
0.0000000026891975935465720
0.0000000097474015844402647
0.0000000149145219239262287
0.0000000181642020632444177
0.0000000194752303587129983
0.0000000188427243799082331
0.0000000162880252073084168
0.0000000118654585361723166
0.0000000056642648540069559
-0.0000000021946701186265823
-0.0000000115674869152574324
-0.0000000222999763743237019
-0.0000000342389758690989910
-0.0000000472406507718364131
-0.0000000611743020566670065
-0.0000000759215719082385839
-0.0000000913729642916107017
-0.0000001074245511456821196
-0.0000001239766388341586117
-0.0000001409358142270836560
-0.0000001582196770957232889
-0.0000001757628402818457520
-0.0000001935204377822224848
-0.0000002114678896184003508
-0.0000002295963178983487957
-0.0000002479060029764146926
-0.0000002664000929298003145
-0.0000002850797696048274940
-0.0000003039410327004915278
-0.0000003229726840654974395
-0.0000003421549467768028234
-0.0000003614584161897961880
-0.0000003808430719799538411
-0.0000004002573755792922043
-0.0000004196373666497751122
-0.0000004389058264484617564
-0.0000004579715538082556593
-0.0000004767293360062365263
-0.0000004950607064978698801
-0.0000005128352349989864240
-0.0000005299124250524538591
-0.0000005461447196456426692
-0.0000005613817878257696001
-0.0000005754763665557968299
-0.0000005882911329633751055
-0.0000005997043285800270723
-0.0000006096138002140299107
-0.0000006179382986557329449
-0.0000006246172046542889717
-0.0000006296095905493088397
-0.0000006328929358848762656
-0.0000006344617664414355933
-0.0000006343261754870312239
-0.0000006325102781112540651
-0.0000006290506244503764956
-0.0000006239945314753051693
-0.0000006173983038994633285
-0.0000006093253966483322980
-0.0000005998445428170618132
-0.0000005890279382407620334
-0.0000005769494889832728866
-0.0000005636831730510621616
-0.0000005493015224410161651
-0.0000005338744469327583294
-0.0000005174684033378069745
-0.0000005001458850649990754
-0.0000004819652000097357693
-0.0000004629804382122734789
-0.0000004432416578739764492
-0.0000004227953950337574644
-0.0000004016855537525630525
-0.0000003799547454796572529
-0.0000003576461703127360054
-0.0000003348061205067855023
-0.0000003114871662757258293
-0.0000002877520532606552272
-0.0000002636781061514007877
-0.0000002393616374646541140
-0.0000002149216132581737062
-0.0000001905014773734603762
-0.0000001662680477844952627
-0.0000001424064890159702356
-0.0000001191109320369427515
-0.0000000965709848097705185
-0.0000000749556352915271667
-0.0000000543972159909532613
-0.0000000349787504261256244
-0.0000000167276129205100723
0.0000000003829098890315193
0.0000000164245846602547903
0.0000000314998757709366660
0.0000000457255052001369444
0.0000000592170459781195987
0.0000000720767590123960129
0.0000000843857978996475008
0.0000000962012005581451474
0.0000001075578436202778223
0.0000001184753223411237893
0.0000001289674348808142677
0.0000001390484937075010018
0.0000001487356551539863895
0.0000001580495197030755600
0.0000001670143258119673485
0.0000001756579155517955700
0.0000001840114775367229587
0.0000001921091048985720930
0.0000001999871490882360182
0.0000002076832776344127153
0.0000002152352185264414634
0.0000002226795692562981452
0.0000002300508589492886845
0.0000002373808783263129916
0.0000002446982426846723381
0.0000002520280215409939434
0.0000002593915623195204652
0.0000002668064427738131452
0.0000002742866640526513282
0.0000002818430791130814792
0.0000002894839808376209887
0.0000002972157957267912240
0.0000003050439809681375047
0.0000003129739124515967596
0.0000003210119282567434615
0.0000003291658453686380472
0.0000003374451499954842324
0.0000003458608291279037660
0.0000003544249141364015847
0.0000003631498840853533086
0.0000003720479194420193472
0.0000003811301050488456199
0.0000003904056788406007431
0.0000003998815521801277201
0.0000004095619560862764706
0.0000004194481195760006350
0.0000004295379344248485290
0.0000004398255866856201957
0.0000004503011474951096907
0.0000004609502468826321015
0.0000004717538454941411780
0.0000004826881124187552188
0.0000004937244433657493296
0.0000005048296731856498026
0.0000005159665716571043205
0.0000005270947460895726764
0.0000005381721592568693099
0.0000005491576373757430013
0.0000005600149309475104172
0.0000005702374235086175283
0.0000005799607920521036709
0.0000005892797902111554397
0.0000005982853360877077352
0.0000006070516210490285204
0.0000006156349338069078999
0.0000006240765044498382188
0.0000006333166485459453182
0.0000006424671098979809236
0.0000006515209395108461710
0.0000006604702837834227367
0.0000006693068204581001486
0.0000006780235461338103256
0.0000006866180216464103990
0.0000006950964087062588412
0.0000007034769857573602875
0.0000007117915167044925918
0.0000007200820851606962514
0.0000007283914051562105977
0.0000007367478247672815370
0.0000007451503320485197532
0.0000007535603903852097969
0.0000007626922990477856125
0.0000007715752455216051529
0.0000007798542612346966667
0.0000007873817581603440499
0.0000007941398266803359038
0.0000008001679449950915047
0.0000008058767126259321468
0.0000008111656081728667520
0.0000008160397654593310795
0.0000008205058172276563569
0.0000008245712919288112808
0.0000008282427273395799052
0.0000008315235838391830673
0.0000008344126768696023896
0.0000008369034283784335989
0.0000008389839323754495594
0.0000008406377673275994570
0.0000008418455769779584894
0.0000008425871760161504330
0.0000008428439639099678374
0.0000008426011566661006207
0.0000008418493142700407582
0.0000008405848117531065311
0.0000008388091930963158145
0.0000008365276460630396573
0.0000008337470214117798309
0.0000008304738330285134372
0.0000008267124892542575311
0.0000008224639273674219006
0.0000008177247768123812593
0.0000008124871028857880539
0.0000008067387972562645904
0.0000008004644383544804968
0.0000007936460319765998896
0.0000007862637887771062787
0.0000007782970414601317897
0.0000007697252988790892147
0.0000007605294285654370403
0.0000007506929591226708527
0.0000007402034773863105885
0.0000007290540991657601919
0.0000007172449871743503176
0.0000007047848384043212931
0.0000006916922931049757328
0.0000006779971595420174159
0.0000006637413405701622588
0.0000006489793436025619581
0.0000006337782657145931066
0.0000006182171524535114241
0.0000006023855298081360995
0.0000005863811577325670873
0.0000005703073451619710499
0.0000005542702175459357028
0.0000005383762815358071448
0.0000005227306161091164592
0.0000005074359826566828124
0.0000004925929751751443752
0.0000004782420170470180419
0.0000004648279947297186621
0.0000004525452774652623658
0.0000004414872333092781321
0.0000004316641113850490271
0.0000004230358724261865491
0.0000004155384855247305952
0.0000004091004609662934441
0.0000004036518396087766002
0.0000003991284284287690471
0.0000003954733503351347888
0.0000003926372010669336670
0.0000003905775533025614508
0.0000003892582065581799786
0.0000003886483852711097237
0.0000003887219799680127390
0.0000003894568697985351949
0.0000003908343396596828414
0.0000003928386253641560913
0.0000003954566292881910716
0.0000003958637654344020099
0.0000003969094020349729050
0.0000003985985952094795805
0.0000004009565017716879618
0.0000004040406871721798953
0.0000004079352148022181695
0.0000004159359360923603459
0.0000004255531487189612280
0.0000004366288756956629797
0.0000004487833842268204605
0.0000004578262508041526122
0.0000004675716203928660546
0.0000004779361745406755776
0.0000004888439309913201301
0.0000005002324097306644146
0.0000005120562157443398657
0.0000005242868162706839193
0.0000005369083049013693136
0.0000005499094593278223193
0.0000005632739043261666207
0.0000005769721501894339701
0.0000005909606538177784729
0.0000006051893073250009391
0.0000006196116934948684392
0.0000006341926486508653181
0.0000006489110600177461201
0.0000006630780703527847947
0.0000006765510244131970865
0.0000006894493962897080872
0.0000007037782352313664897
0.0000007183934603266678585
0.0000007332924971402717553
0.0000007484598685574629990
0.0000007638710395425911814
0.0000007794974645230457277
0.0000007953123849987359772
0.0000008112966182252426632
0.0000008274435851046339115
0.0000008437629743674823008
0.0000008602827798106231769
0.0000008770496024234471964
0.0000008941272015066102315
0.0000009115933212146827260
0.0000009295348177288109074
0.0000009480412385828831305
0.0000009671974634194814606
0.0000009870765390753384591
0.0000010077354079589358575
0.0000010292157294742347079
0.0000010551133394067385163
0.0000010826430774240588957
0.0000011117319748199848860
0.0000011421260427843059880
0.0000011733124568842822050
0.0000012044667286159033589
0.0000012344928459829071786
0.0000012598718403402869325
0.0000012848428789268707460
0.0000013092705784351253804
0.0000013330809350579717556
0.0000013562627744547013684
0.0000013788557627275147777
0.0000014009304757896122805
0.0000014225663562873970901
0.0000014438320875224241725
0.0000014647707705503499104
0.0000014853920737399016404
0.0000015056717926429577204
0.0000015255561613174719264
0.0000015449684224947822688
0.0000015638161734213407348
0.0000015850594391109492559
0.0000016072955019474177184
0.0000016304757010421732895
0.0000016544176374512054696
0.0000016787464173043463960
0.0000017028539198871592870
0.0000017182147037736087351
0.0000017314379777631708275
0.0000017423822059320017540
0.0000017509636363471995044
0.0000017571533503274956116
0.0000017609711493354629626
0.0000017624799100336105134
0.0000017617820603905570969
0.0000017590173982116076985
0.0000017460584999072703444
0.0000017319411028505213564
0.0000017172171327456781953
0.0000017022761857800198283
0.0000016938121848894160732
0.0000016844153684784598717
0.0000016741817709049885714
0.0000016631762383830806092
0.0000016514271855873500273
0.0000016389272818504336347
0.0000016256386761571740095
0.0000016114999931256258108
0.0000015964352263249673274
0.0000015803635280733509200
0.0000015632089885531791273
0.0000015449095668331246617
0.0000015254245013843078271
0.0000015047397513087795708
0.0000014828710949184439535
0.0000014598645564577962748
0.0000014357938452043220212
0.0000014107552236415751504
0.0000013848600621703567892
0.0000013582258453944175259
0.0000013309662321944090460
0.0000013031808899249041757
0.0000012749461657960281468
0.0000012463081835248836271
0.0000012172809234390609228
0.0000011878526182705456649
0.0000011580029692791619853
0.0000011277300853753249490
0.0000010970798869860242090
0.0000010661654075448825694
0.0000010351646047843819285
0.0000010042948185329585392
0.0000009737743405492879334
0.0000009437872352523621753
0.0000009144629966294948880
0.0000008858732203044912036
0.0000008569515602479593148
0.0000008299790004946315039
0.0000008037424811933822501
0.0000007782116626214745043
0.0000007533552233369650060
0.0000007291494169142689802
0.0000007055807606659780135
0.0000006826776377964809890
0.0000006601712181032092037
0.0000006380483250281848473
0.0000006162939107028445045
0.0000005948909035282611455
0.0000005738200462346634840
0.0000005530597402000051389
0.0000005325859471526853600
0.0000005123722320801971042
0.0000004923901050947706396
0.0000004726099220765902839
0.0000004530027715844649492
0.0000004335440010203425132
0.0000004142193334705445653
0.0000003950347166612516414
0.0000003760307797780903215
0.0000003573010720984703073
0.0000003390085067573853059
0.0000003213848538023391595
0.0000003046844505874145381
0.0000002917915633499259860
0.0000002799765722006447432
0.0000002692311468037303573
0.0000002595411333649106748
0.0000002509062593296106392
0.0000002433440703921957902
0.0000002335463374391397289
0.0000002249106246946172637
0.0000002177153565064711833
0.0000002122457470778145500
0.0000002113185498870982340
0.0000002115750929325086333
0.0000002128203912927618089
0.0000002148368974637082435
0.0000002174147260850630227
0.0000002203786324948718586
0.0000002236043670514939150
0.0000002270206488994622473
0.0000002305982013228969261
0.0000002343318038043295267
0.0000002382245796866692936
0.0000002422804505901090219
0.0000002465014791264084528
0.0000002508859890576094641
0.0000002554273690139794218
0.0000002601141671958012405
0.0000002656166871368629664
0.0000002715520257536620769
0.0000002776888273332209354
0.0000002828256529773104286
0.0000002878980819553153670
0.0000002929128740812317732
0.0000002978881186511964201
0.0000003028482713485334810
0.0000003078207249789164457
0.0000003128330875198827279
0.0000003179108469265589823
0.0000003230755012676235441
0.0000003283431944755341761
0.0000003337238476007741902
0.0000003392206954273719783
0.0000003448301421761573729
0.0000003505419116635228469
0.0000003563395969574336236
0.0000003622016941701822646
0.0000003681026164558680839
0.0000003740135745734445807
0.0000003799027521587432231
0.0000003857354617418864701
0.0000003914745928040121758
0.0000003970816595598546740
0.0000004025182466730586505
0.0000004077480789678981409
0.0000004127395332048669111
0.0000004174686298974702604
0.0000004219222273948092969
0.0000004261009052280079662
0.0000004300207933919244210
0.0000004337132922056151976
0.0000004372222698363803620
0.0000004405986256891259449
0.0000004438937921484031146
0.0000004471527038802453094
0.0000004504087686228882289
0.0000004536818369339509813
0.0000004569785414534316735
0.0000004602941798434231771
0.0000004636154279981405014
0.0000004669235052711515092
0.0000004701974527693713916
0.0000004734174013998620814
0.0000004765674182055501100
0.0000004787085974526824874
0.0000004810344350018680329
0.0000004836599163375317148
0.0000004867061263206448759
0.0000004902576874204410272
0.0000004939956002176448809
0.0000004976084748370376841
0.0000005010376711542094558
0.0000005042271215686913511
0.0000005071254192759574788
0.0000005096869103310695186
0.0000005118716236460502416
0.0000005136449646942400552
0.0000005149771443474665064
0.0000005158428415802702713
0.0000005162210623738512135
0.0000005160951849434086960
0.0000005154533245216772830
0.0000005142889644126492349
0.0000005126018799876226397
0.0000005103991872009006839
0.0000005076962883551477936
0.0000005045174564540483092
0.0000005008957758008418767
0.0000004968722339902850937
0.0000004924939053958114707
0.0000004878113552755871626
0.0000004828755377112526693
0.0000004777345908976872159
0.0000004724309404416830781
0.0000004669990616033512245
0.0000004614641259046020037
0.0000004558416166713162500
0.0000004501378800556325072
0.0000004443516771139801154
0.0000004384767239434990585
0.0000004325052770918180204
0.0000004264325192944167078
0.0000004202605314915299368
0.0000004140005670390795791
0.0000004076712977607137156
0.0000004012928599149170365
0.0000003948816280928711035
0.0000003884568119220215664
0.0000003820406718371111711
0.0000003756566539691250161
0.0000003693283322636018645
0.0000003630789107904331562
0.0000003569308931356991423
0.0000003509057555653927092
0.0000003450236856178575708
0.0000003393034196902237384
0.0000003337621184406944597
0.0000003284152522047573049
0.0000003232765077682327329
0.0000003183577163363621565
0.0000003136688009095066732
0.0000003092177522745627225
0.0000003050106612074435222
0.0000003010518114898816282
0.0000002973437803071750043
0.0000002938875289660997063
0.0000002906824119648492651
0.0000002877261145644867724
0.0000002850145779261764920
0.0000002825419453354375429
0.0000002803005925791781722
0.0000002782812346849818371
0.0000002764731148300309910
0.0000002748642387692134184
0.0000002734415720058151229
0.0000002721912546768074889
0.0000002710990585626379921
0.0000002701090348840970620
0.0000002691438321087372364
0.0000002681539386011233680
0.0000002671098262052397542
0.0000002660010581693258560
0.0000002648286734485196953
0.0000002635990650544625784
0.0000002623203960404450188
0.0000002610008179105649912
0.0000002596477101516378270
0.0000002582674342628090765
0.0000002568653237483968320
0.0000002554457695573055715
0.0000002540123334769184883
0.0000002525678575395929154
0.0000002511145624170888783
0.0000002496541324116535347
0.0000002481877936741771756
0.0000002467163940496527772
0.0000002452404760257642248
0.0000002437603447562302584
0.0000002422761236755536562
0.0000002407877969791257499
0.0000002392952405486677854
0.0000002377982413754040199
0.0000002362965105724641577
0.0000002347896911872134099
0.0000002332773641716944538
0.0000002317590535044283012
0.0000002302342306832598509
0.0000002287023186865008486
0.0000002271626954737174026
0.0000002256146970432518961
0.0000002240576200882778581
0.0000002224907242352279663
0.0000002209132338162498500
0.0000002193243391377443105
0.0000002177231973140948220
0.0000002161089328625622222
0.0000002144806388021427525
0.0000002128373789609285807
0.0000002111781911654150970
0.0000002095020915290151996
0.0000002078080784166518229
0.0000002060951355784084192
0.0000002043622350369279557
0.0000002026083400858840051
0.0000002008324095107472975
0.0000001990334041142481109
0.0000001972102968875730215
0.0000001953620880139832178
0.0000001934878233674532803
0.0000001915866191443268980
