12.0000000000000000000000000
0.0000005866639002184067567
0.0000005618400511019957702
0.0000005374400939780295507
0.0000005134647667701890832
0.0000004899149044702248605
0.0000004667914455518902066
0.0000004440954133451791574
0.0000004218278935591918745
0.0000003999900107851171750
0.0000003785829054175714625
0.0000003576077127021270465
0.0000003370655436898368328
0.0000003169574674322010202
0.0000002972844914948787460
0.0000002780475461754995326
0.0000002592474743078779384
0.0000002408850278686216413
0.0000002229608688020651110
0.0000002054755711796752876
0.0000001884296228747755584
0.0000001718234259958475529
0.0000001556572954372337886
0.0000001399314554571784830
0.0000001246460343118847384
0.0000001098010568257343531
0.0000000953964356405177177
0.0000000814319636807288234
0.0000000679073195618316530
0.0000000548221059923203495
0.0000000421758914923811339
0.0000000299681803505410368
0.0000000181984011610664721
0.0000000068659058518150483
-0.0000000040300311798443270
-0.0000000144902137824216738
-0.0000000245155245669849949
-0.0000000341069251637118627
-0.0000000432654561430540217
-0.0000000519922365093758251
-0.0000000602884626542516485
-0.0000000681554066311257256
-0.0000000755944135813893441
-0.0000000826068981022397028
-0.0000000891943392963189223
-0.0000000953582741783058623
-0.0000001011002890287992408
-0.0000001064220081726835093
-0.0000001113250794584865544
-0.0000001158111485709675966
-0.0000001198817948311234003
-0.0000001235384352490443034
-0.0000001267822321932741229
-0.0000001296140256204391631
-0.0000001320342784684227514
-0.0000001340430058253523676
-0.0000001356396511400883110
-0.0000001368229006024832476
-0.0000001375904074765565359
-0.0000001379383827626627318
-0.0000001378609737522168475
-0.0000001373492934758013544
-0.0000001363898976078199533
-0.0000001349624052615864599
-0.0000001330358352571426439
-0.0000001305632183743176494
-0.0000001274745727553201943
-0.0000001236704114595182098
-0.0000001190227118950156997
-0.0000001121343855086627769
-0.0000001044505212762833898
-0.0000000959198788914019976
-0.0000000864989287684267969
-0.0000000761574930921198490
-0.0000000648839794241032595
-0.0000000526893816628147577
-0.0000000396094961561881044
-0.0000000257053284518642539
-0.0000000110624362243920923
0.0000000042097028863556936
0.0000000199779820922902709
0.0000000360869408689493208
0.0000000523638020716041697
0.0000000686286636924873197
0.0000000847077814166902810
0.0000001004481508252560631
0.0000001157304119866147919
0.0000001304775441072013623
0.0000001446576057201337737
0.0000001582804672935786931
0.0000001713897110963970464
0.0000001840511047698562465
0.0000001963391485815101440
0.0000002083216732568856997
0.0000002200433041901667298
0.0000002308158134873214839
0.0000002416401758476319961
0.0000002525328085202058343
0.0000002635090363252141234
0.0000002745797333552366170
0.0000002857450069052968669
0.0000002969831610575660878
0.0000003082333196311016674
0.0000003193736325103678176
0.0000003292042942686885607
0.0000003385490020303786285
0.0000003473904535700733348
0.0000003557213854878445031
0.0000003635449829586493951
0.0000003708728902598336958
0.0000003777220196536806191
0.0000003841116197042494103
0.0000003894338246201402584
0.0000003944304136962276065
0.0000003991066266641776665
0.0000004034609674815236736
0.0000004074889305284486499
0.0000004111851134405459373
0.0000004145442358305221194
0.0000004175615526652226256
0.0000004202329705196017458
0.0000004225550330548964450
0.0000004245248568385771018
0.0000004261400549422225763
0.0000004273986637757124517
0.0000004287091308370887798
0.0000004295933528798467460
0.0000004300514977156311316
0.0000004300760562508042162
0.0000004296451152319529850
0.0000004283881932636725648
0.0000004264537335333838988
0.0000004238885097548334743
0.0000004208143998582195428
0.0000004173751301677281526
0.0000004136990757784304104
0.0000004098817999106881905
0.0000004059838045006155512
0.0000004020363590077210688
0.0000003980497551691729197
0.0000003940208961928748002
0.0000003899391024424739524
0.0000003857900824987639643
0.0000003815584294019961745
0.0000003772290696445051011
0.0000003727880249192370768
0.0000003682227493556950391
0.0000003628386204343227168
0.0000003572232998123527396
0.0000003521747977073300498
0.0000003469924986111505448
0.0000003417185398892419352
0.0000003364002623346261020
0.0000003310753732322550790
0.0000003257656180441937563
0.0000003204769531305734970
0.0000003152032405429586713
0.0000003086849636658570327
0.0000003020599451338188230
0.0000002953459301462471344
0.0000002885670103514322781
0.0000002817526789856857474
0.0000002749356388812735707
0.0000002681486050364823949
0.0000002614212451133696797
0.0000002547773612344449736
0.0000002482322046227073830
0.0000002417902903100619058
0.0000002354450022119902268
0.0000002291797251337256705
0.0000002229698011306195051
0.0000002167848324379694676
0.0000002105908826548869957
0.0000002043524759495136685
0.0000001980345372665215646
0.0000001916041590573884086
0.0000001850318332104566269
0.0000001782919665667227211
0.0000001713629496846274797
0.0000001642272021996066197
0.0000001568713524099162300
0.0000001492859731283936103
0.0000001392944978931985518
0.0000001289877550548345320
0.0000001184364399449241547
0.0000001099321108672057350
0.0000001012190846529325697
0.0000000922911745502948180
0.0000000831351005241242827
0.0000000737324109853564779
0.0000000640624791856531433
0.0000000541050604827660971
0.0000000438418385804260426
0.0000000332571146334527438
0.0000000223381064543234278
0.0000000110750622853537034
-0.0000000005385834077240461
-0.0000000125055519753971744
-0.0000000248239633326584349
-0.0000000374865959575773412
-0.0000000504799386359071457
-0.0000000637828348736619586
-0.0000000773653404896988312
-0.0000000911878991381876681
-0.0000001052009240349718256
-0.0000001193449174618258458
-0.0000001335512355034491544
-0.0000001477435118540862194
-0.0000001618396624559004921
-0.0000001757543322838333952
-0.0000001894016079095940543
-0.0000002026977922667068716
-0.0000002155640569145484894
-0.0000002279287565450963443
-0.0000002397292406366517602
-0.0000002509130819725985085
-0.0000002614387082434886888
-0.0000002712754696115301066
-0.0000002804032192988452675
-0.0000002888114901908171556
-0.0000002964983911052289955
-0.0000003034693225350320992
-0.0000003097356013305561927
-0.0000003153131189222580661
-0.0000003202211135072010579
-0.0000003244810760731934306
-0.0000003281157761947166547
-0.0000003311484893531573332
-0.0000003336025328021342677
-0.0000003355008693127311640
-0.0000003368654809157909394
-0.0000003377167936072728561
-0.0000003380731847975385539
-0.0000003379509720622139454
-0.0000003373650312074551874
-0.0000003363296988336116153
-0.0000003348595772503494513
-0.0000003329705521407018476
-0.0000003306807988315784904
-0.0000003280116231714403634
-0.0000003249880351550070486
-0.0000003216390030816056390
-0.0000003179970929284994129
-0.0000003140970894353364631
-0.0000003099742188482621676
-0.0000003056615137298923484
-0.0000003011863893155365442
-0.0000002965675815350454883
-0.0000002918132618061776772
-0.0000002869208046246036132
-0.0000002818785329448511728
-0.0000002766688824324459706
-0.0000002712713777095170808
-0.0000002656640030434258176
-0.0000002586387750324145167
-0.0000002514155075247094000
-0.0000002440097052106584319
-0.0000002364351819752586285
-0.0000002287017368261073695
-0.0000002208152312285102455
-0.0000002127784782397549667
-0.0000002045922322211032645
-0.0000001962560143687221291
-0.0000001884506001614306652
-0.0000001803882504281118596
-0.0000001720653503050438000
-0.0000001634781305507972012
-0.0000001546221948815050793
-0.0000001454922427367956271
-0.0000001360818860749355992
-0.0000001267287629219885402
-0.0000001169506494448128507
-0.0000001067131621154444657
-0.0000000959799195395590615
-0.0000000847162424003310710
-0.0000000728958983671089302
-0.0000000605118373680213470
-0.0000000475908533447796346
-0.0000000342094129990277201
-0.0000000205032520360513990
-0.0000000066586868497862786
0.0000000071257529929466320
0.0000000207075313947141029
0.0000000340860683458285507
0.0000000474712698328925578
0.0000000608874496011540879
0.0000000743619456728214576
0.0000000879093184307641097
0.0000001015704749314680513
0.0000001153500637001214890
0.0000001292463662104396933
0.0000001432565254887600279
0.0000001573762081694994249
0.0000001715991981481248904
0.0000001859169244042750337
0.0000002003179423184265076
0.0000002147874181230769152
0.0000002293067150751613908
0.0000002438532588292068372
0.0000002584009771130478045
0.0000002729217666674454306
0.0000002873886309875827533
0.0000003017813385970697421
0.0000003160956837925983635
0.0000003303578832813976842
0.0000003442038446932217096
0.0000003580134019562902083
0.0000003722921571908624070
0.0000003866218255437142669
0.0000004009995993549264243
0.0000004154170934115445496
0.0000004298562547952235710
0.0000004442839407856445559
0.0000004586475374989427524
0.0000004728794742974865284
0.0000004861534081874707020
0.0000004993570838623120445
0.0000005125340121431406199
0.0000005257188771054070841
0.0000005389325380497234983
0.0000005521815611073753061
0.0000005654611314757023412
0.0000005787593628113842331
0.0000005920613481515770640
0.0000006053521587144626004
0.0000006186186582001274345
0.0000006318503424628241028
0.0000006450395307426381482
0.0000006581811874346213396
0.0000006712725738821431689
0.0000006843128381634925418
0.0000006973025806578163936
0.0000007102434171792933100
0.0000007231374836952516614
0.0000007359868836371348845
0.0000007487933516291729528
0.0000007615580974427799917
0.0000007742817390672772634
0.0000007869644412427877173
0.0000007996062320240831464
0.0000008122075014747517289
0.0000008247696869273372480
0.0000008372960995556041122
0.0000008497927816447375155
0.0000008622691997285612653
0.0000008747383791518177973
0.0000008872163027617564284
0.0000008997215631125756726
0.0000009122745273927512438
0.0000009248963037992978361
0.0000009376077178394706038
0.0000009504282178209138512
0.0000009633747626534906760
0.0000009764608275610604156
0.0000009896956323590170972
0.0000010030836392067861781
0.0000010166243645433593621
0.0000010303125007115779087
0.0000010441383425500270371
0.0000010580885221581058522
0.0000010721469556043665252
0.0000010862958647258436137
0.0000011005167773852243033
0.0000011147914343623409541
0.0000011291025504699330896
0.0000011434343991456954754
0.0000011577731941423685726
0.0000011721072356156659577
0.0000011864268804121288319
0.0000012007244063603426548
0.0000012149938298621939590
0.0000012292307018885973881
0.0000012434319715993385575
0.0000012575959718411675958
0.0000012717224579773981742
0.0000012858124109024477002
0.0000012998676100748777834
0.0000013138901888766939385
0.0000013278822249174888538
0.0000013418454640707949855
0.0000013557812140785284687
0.0000013696904226383900714
0.0000013835739420187004757
0.0000013974329270147589836
0.0000014112693509972789451
0.0000014250865988738402748
0.0000014388900001799744263
0.0000014526872633894567936
0.0000014664886906337158627
0.0000014803068119799202120
0.0000014941553154011986699
0.0000015080473301007043395
0.0000015219935877167092262
0.0000015360012324712459451
0.0000015500734143429857747
0.0000015642092006260766856
0.0000015784030983970153675
0.0000015926439726858172275
0.0000016069154314909597663
0.0000016211980102222712053
0.0000016354709699353690481
0.0000016497135084563332167
0.0000016639058886947559459
0.0000016780305823204506083
0.0000016920733582537151556
0.0000017060242927281328987
0.0000017198787076413513122
0.0000017336364790330949443
0.0000017472949823231462369
0.0000017605095239153652622
0.0000017736839828283869760
0.0000017868175504948088164
0.0000017999078408704758296
0.0000018129498595199812008
0.0000018259343527566202833
0.0000018388452907080658028
0.0000018516564575360521171
0.0000018643281884153187402
0.0000018768734130223963883
0.0000018892155532247733619
0.0000019013430526544608646
0.0000019132473694563266601
0.0000019249237852605593780
0.0000019363715182615455844
0.0000019475927593778993959
0.0000019585906071669524129
0.0000019693665582841882026
0.0000019799194208291495645
0.0000019902463353799218754
0.0000020003444790949869354
0.0000020102115545557086950
0.0000020198458889991068445
0.0000020292465178370121843
0.0000020384132523833324276
0.0000020473467392411541997
0.0000020560485536954667078
0.0000020645213389756447325
0.0000020727689398494346700
0.0000020807965092016243213
0.0000020886105743514359059
0.0000020962190513540844531
0.0000021036311961587205757
0.0000021108574866814643993
0.0000021179094453448859177
0.0000021247993967514371271
0.0000021315401718338374171
0.0000021381447641692660649
0.0000021446259235407258107
0.0000021509957867773382204
0.0000021572657066460586918
0.0000021634461367943915163
0.0000021695463851578858403
0.0000021755743450664543709
0.0000021815362289468116422
0.0000021874364296425684267
0.0000021932775744045137103
0.0000021990606628916060098
0.0000022047852352983546085
0.0000022104495508492191454
0.0000022160507576648292129
0.0000022215850419305523949
0.0000022270477455946077053
0.0000022324334519606940861
0.0000022377360362445189756
0.0000022429486859741925491
0.0000022480638925839025968
0.0000022530734122137824141
0.0000022579681893191335698
0.0000022627382258610776181
0.0000022673724474840858832
0.0000022718588037611552032
0.0000022761846858723466779
0.0000022803376013867187446
0.0000022843058976937767257
0.0000022880792557486657230
0.0000022916489631235131335
0.0000022950080430893968131
0.0000022981512793386838501
0.0000023010751654207219989
0.0000023037777900475257251
0.0000023062586161798014458
0.0000023085182051726192546
0.0000023105579212625447317
0.0000023123796441994406207
0.0000023139855191926278729
0.0000023153777279010868689
0.0000023165582709523627750
0.0000023175287815521311731
0.0000023182903520613701263
0.0000023188434389987204093
0.0000023191878770789474198
0.0000023193230795388424885
0.0000023192483636696307470
0.0000023189633031769410781
0.0000023184681144950730448
0.0000023177639299811377265
0.0000023168529724919832898
0.0000023157386393064749387
0.0000023144254736604423842
0.0000023129190511183462651
0.0000023112257846152986393
0.0000023093526946073734398
0.0000023073071539384472061
0.0000023050966866341276262
0.0000023027288206727710936
0.0000023002110042507206051
0.0000022975505699629802987
0.0000022947547310589715327
0.0000022918305956558473837
0.0000022887851862428069211
0.0000022856254549759767592
0.0000022823582844532924673
0.0000022789904689576620722
0.0000022755286694612151417
0.0000022719793401179074439
0.0000022683486237524933111
0.0000022646422209050040288
0.0000022608652357775758431
0.0000022570220038075726833
0.0000022531159099228869491
0.0000022491492113044851468
0.0000022451228769214429716
0.0000022410364594859817932
0.0000022368880086713107095
0.0000022326740351528930134
0.0000022283895396854457224
0.0000022240280045064254907
0.0000022195813069613417902
0.0000022150397728608610058
0.0000022103923947042360940
0.0000022056271860741160653
0.0000022007316219374797516
0.0000021956931249577804333
0.0000021904995560852442425
0.0000021851396725738876576
0.0000021796035307120630672
0.0000021738828293359797742
0.0000021679711837636849119
0.0000021618643434954968455
0.0000021555603418443387270
0.0000021490595702219797838
0.0000021423647304201170989
0.0000021354807149841153343
0.0000021284145327086044841
0.0000021211753944888265389
0.0000021137748286430709588
0.0000021062267083088237166
0.0000020985471858149378768
0.0000020907545532298908329
0.0000020828690405553198038
0.0000020749125631776818588
0.0000020669084343546077568
0.0000020588810593858750713
0.0000020508556322304943074
0.0000020428578741036182095
0.0000020349138074358187745
0.0000020270495177104372157
0.0000020192908893807148073
0.0000020116632901246194827
0.0000020041912281705413585
0.0000019968980463761251920
0.0000019898056314045465175
0.0000019829341110872425596
0.0000019763015535166736374
0.0000019699236884955684159
0.0000019638136684758552466
0.0000019579818947410978208
0.0000019524359056072081150
0.0000019471803156727805096
0.0000019422168657055380986
0.0000019375446132831449316
0.0000019331602817905648547
0.0000019290587595438530564
0.0000019252337558519435720
0.0000019216786136974028674
0.0000019183870712516301198
0.0000019153537690577437404
0.0000019125742155403175224
0.0000019100442827889237783
0.0000019077595179473336916
0.0000019057145850716694614
0.0000019039030147710058340
0.0000019023170774539304505
0.0000019009477253301402941
0.0000018997846409875194815
0.0000018988164383445078358
0.0000018980309129027316989
0.0000018974150122640196048
0.0000018969544585182647065
0.0000018966331688661562126
0.0000018964326798915773765
0.0000018963318260705137929
0.0000018963068663050187662
0.0000018963321431846421504
0.0000018963811094207686367
0.0000018964275812093653241
0.0000018964469130546232390
0.0000018964169840919889975
0.0000018963189291300571533
0.0000018961376130701333824
0.0000018958618537451814001
0.0000018954844503729710785
0.0000018950020598971593176
0.0000018944149765241701720
0.0000018937268339562483204
0.0000018929442877135584964
0.0000018920766940152029817
0.0000018911358295283618306
0.0000018901356502024436863
0.0000018890920868521362482
0.0000018880228300479287076
0.0000018869470734043329399
0.0000018858850432075375506
0.0000018848573703379249526
0.0000018838844443274205650
0.0000018829859009941004244
0.0000018821804707238644513
0.0000018814861327097494400
0.0000018809204666375261044
0.0000018805011196956956552
0.0000018802463380442462177
0.0000018801755471281651229
0.0000018803097339266100694
0.0000018806711308617280569
0.0000018812831253329502042
0.0000018826594068282388884
0.0000018845375041097996213
0.0000018869464347497137060
0.0000018898928481995656199
0.0000018933688271052203910
0.0000018973600610317068789
0.0000019018508923343699682
0.0000019068267869497573677
0.0000019122752924146997503
0.0000019169158781568637437
0.0000019219231665579462575
0.0000019273139744038592020
0.0000019331068049458836811
0.0000019393231401124642561
0.0000019473952769180977382
0.0000019559888915187352929
0.0000019636369112505124202
0.0000019717956365743749073
0.0000019804942557398925418
0.0000019897707862279781782
0.0000019996792212476021331
0.0000020102937121449638680
0.0000020217037652025612097
0.0000020339973180133807259
0.0000020472305157065189801
0.0000020613908966453966275
0.0000020763725020684154076
0.0000020919832995476107431
0.0000021079859911972863423
0.0000021241482318416799776
0.0000021412609410580753549
0.0000021571489649247289672
0.0000021719681150673164388
0.0000021859862150074839429
0.0000021994475590419898626
0.0000022125375783811425258
0.0000022253873066972718235
0.0000022380868858971539795
0.0000022506979143184426260
0.0000022632625861870638537
0.0000022758099723859383327
0.0000022883602168021339285
0.0000023009273175726223891
0.0000023135209719955859114
0.0000023261478057037185058
0.0000023388122003085429244
0.0000023515168568637872651
0.0000023642631845762524277
0.0000023770515750184084241
0.0000023898816042771165217
0.0000024027521954397583439
0.0000024177842090876752786
0.0000024329517768774857089
0.0000024482398983540849828
0.0000024636347310448439372
0.0000024791270654011835360
0.0000024947157804408015367
0.0000025104095324483819606
0.0000025262248195348419968
0.0000025421805714994770356
0.0000025582885077031212598
0.0000025745392228154960650
0.0000025908869059913037056
0.0000026048933729665814077
0.0000026181073126307585686
0.0000026300154509847513463
0.0000026405048470393331066
0.0000026497152499042258396
0.0000026578639713488143716
0.0000026651522348180064681
0.0000026717366480593017668
0.0000026777301848493356220
0.0000026832116715557714338
0.0000026882354402119837247
0.0000026928388612534141676
0.0000026970476472090476400
0.0000027008794633195410483
0.0000027043464301027719498
0.0000027074568628199498342
0.0000027102164207818768060
0.0000027126288647278797307
0.0000027146965648367095804
0.0000027226267947473579073
0.0000027301764165272472275
0.0000027373033190938032899
0.0000027439491020894294491
0.0000027439120387418923809
0.0000027430733015588681778
0.0000027413611046465890184
0.0000027387821622468819652
0.0000027354034114661322712
0.0000027313309708865731980
0.0000027266899930574903437
0.0000027216081976540889012
0.0000027162043353598755914
0.0000027163012015087565288
0.0000027156802627452092901
0.0000027143237319631838260
0.0000027121952158993589968
0.0000027092436442131183228
0.0000027054145092661538209
0.0000027006645504034521478
0.0000026903787083425604056
0.0000026793126418546760694
0.0000026677752909725696268
0.0000026561333898056106673
0.0000026447153678527248065
0.0000026337652706784256390
0.0000026234346071687399907
0.0000026137954035177262504
0.0000026048608431061075864
0.0000025966054129162545862
0.0000025889811081127627254
0.0000025819290354190498365
0.0000025751256838137477434
0.0000025681403989376394600
0.0000025609869226637251870
0.0000025536748249658775448
0.0000025462086352969769040
0.0000025385880390210462836
0.0000025308091886778053543
0.0000025228663577808460625
0.0000025147537174231875861
0.0000025064669687890570195
0.0000024980047137345373351
0.0000024893695287094022078
0.0000024805687122750248447
0.0000024716146400539368724
0.0000024625244405658390421
0.0000024565393681174192902
0.0000024507427609745675151
0.0000024452156086320472807
0.0000024400057261287449352
0.0000024351250047722211482
0.0000024305573743941594012
0.0000024262696070916912477
0.0000024222206642172964230
0.0000024183681928695744279
0.0000024146723423697220276
0.0000024110976187599788440
0.0000024035008524005869368
0.0000023958169161492031118
0.0000023880377289592587827
0.0000023801575324760771911
0.0000023721744144607707459
0.0000023640917384047312351
0.0000023559190969293891057
0.0000023476727549946462680
0.0000023393756622466695613
0.0000023310571229651323216
0.0000023227522182639813279
0.0000023145011628114590581
0.0000023063488803088465456
0.0000022983446864980110927
0.0000022905421064903901332
0.0000022829986968242231206
0.0000022757758063178584247
0.0000022689380178208801103
0.0000022625520906415065487
0.0000022566853360062787263
0.0000022514034556558826941
0.0000022467679388717313481
0.0000022428330891068112869
0.0000022396428337801427181
0.0000022372275326883793057
0.0000022356010935592550670
0.0000022347586964757066891
0.0000022346754779550883587
0.0000022353063358417366778
0.0000022365869822181358681
0.0000022384362580185246669
0.0000022477736282381928067
0.0000022565398984885487076
0.0000022586190669783296033
0.0000022608454343649948405
0.0000022631477263451609455
0.0000022654652515471138284
0.0000022677478673655129338
0.0000022699551488472792293
0.0000022720554496681856326
0.0000022740250521331450949
0.0000022758474030227741649
0.0000022775123715987094512
0.0000022790154589023286046
0.0000022803569190149580856
0.0000022815407786699187787
0.0000022825737518556571573
0.0000022834640755548371258
0.0000022842203292898220947
0.0000022848503797197260395
0.0000022853606035214467054
0.0000022857551028762887986
0.0000022860351267482959603
0.0000022869005485138740835
0.0000022884342699212496423
0.0000022907058174155113466
0.0000022937765335242200748
0.0000022976878346606638421
0.0000023024437017659475364
0.0000023079869040674976220
0.0000023141707995870978741
0.0000023207332767864650903
0.0000023219229004838076570
0.0000023224870614922161060
0.0000023223475005296553372
0.0000023214328508198455895
0.0000023196807365112830627
0.0000023220629994050404635
0.0000023227331222447157496
0.0000023177042764966358596
0.0000023117834397118704174
0.0000023050494541317457993
0.0000022975918896370919588
0.0000022895014973540103110
0.0000022808622483504487703
0.0000022717464625150836741
0.0000022622127527690282101
0.0000022523064899137034916
0.0000022420621719990268564
0.0000022315065040013413024
0.0000022206606635978802212
0.0000022095409972818846649
0.0000021981598421946200012
0.0000021898027136879895700
0.0000021811972553468861095
0.0000021723414787849372234
0.0000021632327907710261775
0.0000021538678270742264584
0.0000021442422364941959204
0.0000021343504002407355707
0.0000021241850687002128824
0.0000021137368956213167586
0.0000021029938515795436019
0.0000020919405101437588825
0.0000020805572335347939563
0.0000020688193628347104517
0.0000020566966813569840120
0.0000020441537284799455118
0.0000020311520518217231281
0.0000020176561483420212425
0.0000020036452188495360250
0.0000019891316233328083334
0.0000019741817571191079541
0.0000019589250119777201653
0.0000019412195573133859337
0.0000019234172323498571304
0.0000019055480018422643253
0.0000018876295682257542291
0.0000018696674342707048429
0.0000018516571737550754117
0.0000018335878881965773001
0.0000018154455615236074041
0.0000017972160298349194665
0.0000017788873042979109409
0.0000017604509236101642906
0.0000017419020079418034155
0.0000017252321357535330166
0.0000017083540831324825264
0.0000016912613368930144955
0.0000016739468105091448869
0.0000016564029335618603344
0.0000016386218285393360053
0.0000016205956195406125145
0.0000016023169338131683672
0.0000015837796747650799090
0.0000015649801585412162206
0.0000015459187024778245916
0.0000015266017069955133423
0.0000015070441380845008036
0.0000014872720299993097820
0.0000014673241152836273257
0.0000014472509232288465497
0.0000014271087740119820470
0.0000014069453367552708549
0.0000013867730953177094855
0.0000013660913675657469188
0.0000013453666191648916923
0.0000013245832722764769312
0.0000013037355762163830292
0.0000012831635001956957401
0.0000012623854999966867231
0.0000012414286666642778577
0.0000012203475620316366170
0.0000011992312811541349696
0.0000011782039200660417105
0.0000011574107605877400584
0.0000011369837145978907858
0.0000011169876417265526923
0.0000010969763091482900296
0.0000010770486859373153507
0.0000010571839636654093603
0.0000010373690040003060082
0.0000010175985159011134793
0.0000009978732809420734994
0.0000009781977797845974087
0.0000009594311739999494753
0.0000009407669407981101143
0.0000009222023602504264792
0.0000009037336174003585911
0.0000008853552857378507485
0.0000008670596283444388644
0.0000008488357364876348164
0.0000008306687129627462762
0.0000008125396442259928118
0.0000007944283878823455648
0.0000007763234444137690354
0.0000007582440350548266076
0.0000007393928263842176253
0.0000007205579836784072995
0.0000007017804766194216494
0.0000006831080245599998048
0.0000006645875285293717991
0.0000006462593276327262118
0.0000006281541716135004177
0.0000006102933838690766990
0.0000005926911102691340237
0.0000005753574122250022527
0.0000005583011056646114861
0.0000005415315780527554479
0.0000005250596284780012775
0.0000005088971019297272683
0.0000004930559652967924271
0.0000004784326498414309929
0.0000004640065293466898897
0.0000004497633548134105195
0.0000004356847700827285825
0.0000004217473867142230203
0.0000004079218962514776877
0.0000003941726468909666982
0.0000003804586948461498963
0.0000003667383791609654394
0.0000003529806727846627655
0.0000003391855765069300559
0.0000003259311230222343021
0.0000003130780230715832541
0.0000003006512886442074628
0.0000002886722960831654212
0.0000002771580861945274892
0.0000002661226432094519337
0.0000002555788772032953906
0.0000002455405466512962153
0.0000002360235595222113611
0.0000002270464296601308143
0.0000002186298152530396152
0.0000002107950265920721566
0.0000002035615256852314472
0.0000001969437207535986585
0.0000001909478650372225819
0.0000001855697235830555406
0.0000001807937256814793047
0.0000001765938093301368830
0.0000001729357933586853902
0.0000001697807979004831696
0.0000001670890738058624559
0.0000001648235489312649697
0.0000001629525447243988590
0.0000001614513819806840922
0.0000001603027984957808096
0.0000001594962912446621161
0.0000001590265356338934570
0.0000001588910474624840142
0.0000001590873570500373580
0.0000001596100625371437443
0.0000001604485329677671766
0.0000001614986336044330509
0.0000001630851690870411174
0.0000001649548182193188383
0.0000001670346007016550328
0.0000001692983651450258434
0.0000001717196318332223298
0.0000001742716063643795322
0.0000001769275246498063034
0.0000001796608507140034533
0.0000001824454364785720107
0.0000001852557017466887941
0.0000001880668256623921920
0.0000001908549476697050285
0.0000001935973966411310071
0.0000001962729268521206204
0.0000001988619657513101539
0.0000002013468740195441495
0.0000002037122078093256621
0.0000002059449677796739970
0.0000002080348097559393366
0.0000002099741967948675176
0.0000002117584908256913831
0.0000002133859705988148120
0.0000002148577837104535011
0.0000002161778139255494622
0.0000002173524402001036534
0.0000002183901849385693539
0.0000002193012501702086963
0.0000002200969754477239117
0.0000002207892534901774873
0.0000002213899573939328971
0.0000002219104481923644021
0.0000002223611782135479105
0.0000002227513382715656872
0.0000002230973543882719517
0.0000002234345912966806622
0.0000002237803274868035240
0.0000002241448760047351523
0.0000002245318872680411166
0.0000002249410067649383528
0.0000002253700119058498291
0.0000002258160627145169209
0.0000002262763232395188560
0.0000002267482266196802639
0.0000002272295607019448020
0.0000002277184714175893764
0.0000002282134329280638898
0.0000002287132080662418987
0.0000002292168101999409156
0.0000002297234689583330256
0.0000002302326006482197024
0.0000002307437810282008149
0.0000002312567174840872669
0.0000002317712236028480455
0.0000002322871954650918021
0.0000002328045922775164235
0.0000002333234215915072701
0.0000002338437285489854313
0.0000002343655891335326137
0.0000002348891056526819160
0.0000002354144040296612171
0.0000002359416317351335629
0.0000002364709560130968759
0.0000002370025623245086924
0.0000002375366529748530245
0.0000002380734459008869480
0.0000002386131736107112442
0.0000002391560822627048935
0.0000002397024308890651931
0.0000002402524907809088738
0.0000002408065450482881415
0.0000002413648883311963229
0.0000002419278265934519276
0.0000002424956767408730298
0.0000002430687658186791931
0.0000002436474299025095610
0.0000002442320126080025293
0.0000002448228637144074936
0.0000002454203380784000380
0.0000002460247946345011062
0.0000002466365953577623384
0.0000002472561038022428016
0.0000002478836828387040021
0.0000002485196911244779456
0.0000002491644778911012427
0.0000002498183765124408327
0.0000002504816959279943792
