9.0000000000000000000000000
0.0000005792126748395550444
0.0000005506788463850887075
0.0000005226385237680542874
0.0000004950923401979166462
0.0000004680410207881655819
0.0000004414853916348867970
0.0000004154263630641570253
0.0000003898649070888074712
0.0000003648020326192169213
0.0000003402387604326592246
0.0000003161761001753211067
0.0000002926150293676019786
0.0000002695564738678944195
0.0000002470012867756054989
0.0000002249502324406618040
0.0000002034039780722755337
0.0000001823630936887040099
0.0000001618280562675828725
0.0000001417992548571902020
0.0000001222769945080817897
0.0000001032614983199436346
0.0000000847529069863529738
0.0000000667512758690938988
0.0000000492565696523305730
0.0000000322686542613460782
0.0000000157872866344222805
-0.0000000001878953267437194
-0.0000000156573689459772256
-0.0000000306216859868958448
-0.0000000450814301523105958
-0.0000000590372478502497175
-0.0000000724898599269061828
-0.0000000854400627711637985
-0.0000000978887293385382839
-0.0000001098368100582772880
-0.0000001212853335784965905
-0.0000001322354072933466340
-0.0000001426882175828226253
-0.0000001526450296792811432
-0.0000001621071870541546813
-0.0000001710761101925929961
-0.0000001795532945912236247
-0.0000001875403077727208136
-0.0000001950387850573105847
-0.0000002020504237612873903
-0.0000002085769753996645991
-0.0000002146202353446954564
-0.0000002201820292199489182
-0.0000002252641911753612072
-0.0000002298685114883639180
-0.0000002339966363333976247
-0.0000002376499602781264721
-0.0000002408295453541236803
-0.0000002435360588283198352
-0.0000002457696963760047732
-0.0000002475300491427361286
-0.0000002488159055938256252
-0.0000002496249601506197964
-0.0000002499533869342386806
-0.0000002497952043480513371
-0.0000002491413017087340405
-0.0000002479779410337769970
-0.0000002462844527534200922
-0.0000002440296996867913225
-0.0000002411667551127792766
-0.0000002376253534551259651
-0.0000002333027195115214179
-0.0000002280569114607247086
-0.0000002217138382031575344
-0.0000002127306730558195035
-0.0000002027539041367371237
-0.0000001917328024347926627
-0.0000001796367644824632699
-0.0000001664619060045119080
-0.0000001522349373607480726
-0.0000001370133116191283837
-0.0000001208818755909365391
-0.0000001039474446306087569
-0.0000000863337063546259105
-0.0000000681786576353622901
-0.0000000496346765132088156
-0.0000000308688691989726165
-0.0000000120594733912918025
0.0000000066132772447401174
0.0000000249789755540703204
0.0000000428900129324011888
0.0000000602330305444665684
0.0000000769367389143291840
0.0000000929745012498944528
0.0000001083615041350237505
0.0000001231473657396166871
0.0000001374051317222581953
0.0000001512177498247970492
0.0000001646614637357453447
0.0000001777868033141092537
0.0000001899190292818394342
0.0000002020767626089104928
0.0000002142756445882569288
0.0000002265294608903639276
0.0000002388464701734729872
0.0000002512227894993495347
0.0000002636311046889761957
0.0000002760031052184132923
0.0000002882074716197988849
0.0000003000381624770089155
0.0000003101608767315917473
0.0000003196884854589432389
0.0000003286253568824302826
0.0000003369861108130268238
0.0000003447916603400648211
0.0000003520655865533469619
0.0000003581524392399439670
0.0000003638713412705271653
0.0000003692266838277945688
0.0000003742146025101484938
0.0000003788279634659953155
0.0000003830590224984363686
0.0000003869005965560860717
0.0000003903464613231886750
0.0000003933913977357728298
0.0000003960311019611864164
0.0000003982620561904960829
0.0000004000814009086484691
0.0000004019236096661015257
0.0000004032772601037772678
0.0000004041454205134753282
0.0000004045307801573744935
0.0000004044311014405752400
0.0000004038311820892065288
0.0000004024377537180534380
0.0000004003102693690987747
0.0000003974604367579167765
0.0000003939910736030811297
0.0000003900420174264098604
0.0000003857486950997128782
0.0000003812192675659983834
0.0000003765279628821739781
0.0000003717182767470114743
0.0000003668101654520207767
0.0000003618075557944232082
0.0000003567045334865784374
0.0000003514898292380466401
0.0000003461497985972457579
0.0000003406702632967301406
0.0000003350375667882375046
0.0000003292391206183089973
0.0000003225367662353505361
0.0000003155600339737306154
0.0000003091547817664063866
0.0000003025531518514694027
0.0000002957892438874394734
0.0000002889205640723821452
0.0000002820046385003622143
0.0000002750850810734062117
0.0000002681864546054060218
0.0000002613154713822299658
0.0000002531598198125299637
0.0000002448989245229202803
0.0000002365524951430081544
0.0000002281484847162158501
0.0000002197234216381851753
0.0000002113202761724553101
0.0000002029853893066879678
0.0000001947640873064868886
0.0000001866946676542326593
0.0000001788017399382786663
0.0000001710916116948847594
0.0000001635507503784047161
0.0000001561473607914783169
0.0000001488354821946382687
0.0000001415603560847871503
0.0000001342638635040158873
0.0000001268893867710271882
0.0000001193856016510026726
0.0000001117087441969332766
0.0000001038233180086930377
0.0000000957017944814555781
0.0000000873240034228934868
0.0000000786764857021477846
0.0000000697511969399147653
0.0000000605438206499605262
0.0000000483662242991856984
0.0000000358224350584451719
0.0000000229939121505215919
0.0000000127063237153860892
0.0000000021691779535032314
-0.0000000086270523387421341
-0.0000000196987115433158874
-0.0000000310650294241798128
-0.0000000427445752813828265
-0.0000000547533264101086819
-0.0000000671041969313792039
-0.0000000798072142052893303
-0.0000000928699646692583726
-0.0000001062979761535293098
-0.0000001200944834062834246
-0.0000001342597782744805248
-0.0000001487900643001629512
-0.0000001636766111619789664
-0.0000001789043494608458448
-0.0000001944502101906552496
-0.0000002102816279337891059
-0.0000002263553914990396847
-0.0000002426170145446757545
-0.0000002590007856259889184
-0.0000002754306074916821419
-0.0000002918216436427704817
-0.0000003080826892813386087
-0.0000003241191097726660655
-0.0000003398361146953390771
-0.0000003551421053296180557
-0.0000003699518214664170402
-0.0000003841890697922383980
-0.0000003977888123238878717
-0.0000004106984837839226874
-0.0000004228785344426752618
-0.0000004343022599979126563
-0.0000004449550076111386408
-0.0000004548329084036750620
-0.0000004639413122229206010
-0.0000004722931082442586799
-0.0000004799070516581482101
-0.0000004868061625465320781
-0.0000004930162853667811221
-0.0000004985648660757884929
-0.0000005034799333400282223
-0.0000005077892405033645412
-0.0000005115196562983859242
-0.0000005146969207940000762
-0.0000005173454475740837913
-0.0000005194878119069603185
-0.0000005211442994965855033
-0.0000005223325667248288934
-0.0000005230678988686146416
-0.0000005233641549662039482
-0.0000005232348754427511191
-0.0000005226944994864773247
-0.0000005217595799545412703
-0.0000005204498993304451114
-0.0000005187891925435129670
-0.0000005168053006631647831
-0.0000005145297240704279775
-0.0000005119963214671996839
-0.0000005092389849131379326
-0.0000005062890962354427262
-0.0000005031722888436828922
-0.0000004999051557814688204
-0.0000004964934265372254664
-0.0000004929321811467261486
-0.0000004881805619877544927
-0.0000004842334711838788160
-0.0000004801046746623526386
-0.0000004747034123090879056
-0.0000004690978019233363244
-0.0000004632947380261889845
-0.0000004573040465330280512
-0.0000004511342894887649413
-0.0000004447916106574276576
-0.0000004382798565604704630
-0.0000004316011150409769078
-0.0000004247562930015017887
-0.0000004177455940589774717
-0.0000004111743215677995360
-0.0000004043394328602782501
-0.0000003972382902873982456
-0.0000003898681190052313175
-0.0000003822252023030072578
-0.0000003743042570187700321
-0.0000003660979472614213601
-0.0000003575964589846783308
-0.0000003490436018073985754
-0.0000003400536458961139189
-0.0000003305931528137721834
-0.0000003206286390726207595
-0.0000003101313956982474441
-0.0000002990855670899687955
-0.0000002875000356608693146
-0.0000002754231374989683799
-0.0000002629559987155196555
-0.0000002502557403757006408
-0.0000002375169144935106981
-0.0000002249237445144307771
-0.0000002126992187300585850
-0.0000002004803073753903192
-0.0000001882550610114892577
-0.0000001759962867785783534
-0.0000001636704785104666516
-0.0000001512530690799323519
-0.0000001388315200816850661
-0.0000001263057809104073590
-0.0000001136777301326700100
-0.0000001009500262976599002
-0.0000000881262995331648527
-0.0000000752113739720705885
-0.0000000622115171786291600
-0.0000000491347043759564549
-0.0000000359908734637236821
-0.0000000227921260014881082
-0.0000000095527951906479841
0.0000000037107482690421556
0.0000000169807522750724693
0.0000000302394958633073744
0.0000000434718733205004156
0.0000000566697211525164060
0.0000000698387084669274883
0.0000000826509061159466144
0.0000000954746899790874978
0.0000001086544267133053425
0.0000001218876862002727464
0.0000001351710879400681191
0.0000001484967425341798988
0.0000001618491664825673248
0.0000001752010822174511598
0.0000001885093474405644929
0.0000002017154563129292977
0.0000002142965209505796635
0.0000002268749685791486279
0.0000002394539545088467182
0.0000002520300411609529400
0.0000002645949111759400087
0.0000002771376837654031295
0.0000002896468423807610914
0.0000003021115858127124716
0.0000003145226615255753191
0.0000003268727715753042033
0.0000003391566397631576917
0.0000003513708911114777996
0.0000003635138478674983049
0.0000003755853113085889533
0.0000003875863737255691277
0.0000003995191874932929657
0.0000004113866382588009249
0.0000004231919574683111474
0.0000004349383249067967969
0.0000004466286733244653675
0.0000004582655611561791422
0.0000004698509619716003989
0.0000004813860983328783680
0.0000004928714081424745592
0.0000005043067416341623221
0.0000005156918198042184641
0.0000005270269209862798956
0.0000005383137107049828409
0.0000005495561572444953073
0.0000005607612711740065125
0.0000005719392893356292745
0.0000005831041093970245154
0.0000005942728346138046458
0.0000006054647630299104700
0.0000006167001459865871905
0.0000006279989753403328084
0.0000006393799246622234748
0.0000006508593644932080832
0.0000006624505006049036227
0.0000006741627449955607015
0.0000006860013729995833452
0.0000006979674498746587216
0.0000007100580116696581383
0.0000007222664481939980744
0.0000007345830561899122765
0.0000007469957576712543071
0.0000007594909009379236216
0.0000007720540405951486674
0.0000007846706378937229708
0.0000007973266579102789948
0.0000008100090501854088220
0.0000008227060741231316829
0.0000008354074833033011267
0.0000008481045443694291286
0.0000008607899547111673397
0.0000008734577540694003140
0.0000008861033724785837033
0.0000008987237166994145037
0.0000009113171178703881946
0.0000009238830398154019289
0.0000009364216122938289411
0.0000009489332081688640694
0.0000009614181337377445670
0.0000009738764445112955575
0.0000009863079012191466453
0.0000009987120737986010094
0.0000010110886322255697414
0.0000010234378430621874336
0.0000010357612708973113468
0.0000010480625707338995554
0.0000010603482481747781940
0.0000010726282366961696532
0.0000010849159850795044683
0.0000010972279281631209037
0.0000011095821942786642359
0.0000011219963640230991781
0.0000011344847032264231219
0.0000011470556392422462466
0.0000011597105010090238298
0.0000011724441942909907597
0.0000011852472070073714451
0.0000011981075306034807064
0.0000012110111791476816018
0.0000012239410569232315075
0.0000012368768053890723016
0.0000012497963217435356621
0.0000012626769287337077225
0.0000012754961943147030916
0.0000012882328848259770529
0.0000013004100992382673746
0.0000013124587216243109347
0.0000013248819016047333523
0.0000013372014046907010464
0.0000013490408706486401967
0.0000013608516284503189676
0.0000013726326909368946665
0.0000013843806800954142821
0.0000013960882341072957305
0.0000014077414835693726992
0.0000014193162856464212439
0.0000014307733391151381236
0.0000014420540806568437716
0.0000014531430249012944192
0.0000014639916517224813869
0.0000014745867028267321866
0.0000014849196794512018367
0.0000014949877291532968061
0.0000015047934124494267938
0.0000015143429152722564855
0.0000015236428772771740727
0.0000015326970115282525377
0.0000015415050392747420658
0.0000015500643237764802473
0.0000015583719964348934349
0.0000015664254923752066746
0.0000015742226203681148000
0.0000015817616348886118841
0.0000015890413121792011373
0.0000015960610189967406206
0.0000016028207396870119949
0.0000016093210690160560129
0.0000016155632224365970282
0.0000016215490566051289418
0.0000016272810856915589535
0.0000016327624906634048304
0.0000016379971246638683983
0.0000016429895202513048049
0.0000016477449173586351317
0.0000016522693033448641415
0.0000016565694656829106075
0.0000016606530405949656305
0.0000016645285083076014746
0.0000016682052242843604681
0.0000016716936516166560444
0.0000016750055884067496664
0.0000016781541290923556267
0.0000016811534769587948141
0.0000016840186231568609682
0.0000016867650664771586513
0.0000016894086892898292046
0.0000016919656715914756385
0.0000016944523980234705940
0.0000016968853588539754864
0.0000016992810440008813728
0.0000017016558327768721762
0.0000017040258758550859656
0.0000017064069831775623581
0.0000017088145172726640223
0.0000017112632973084565579
0.0000017137675064421762704
0.0000017163405896640201973
0.0000017189951279598647030
0.0000017217426694161949899
0.0000017245935569527198901
0.0000017275569207600299482
0.0000017306408544518767962
0.0000017338527448832138859
0.0000017371997036156711381
0.0000017406889503945255610
0.0000017443281017872757753
0.0000017481253717408538344
0.0000017520896743320262709
0.0000017562306192028612336
0.0000017605583938568785182
0.0000017650834928643675708
0.0000017698163608458407809
0.0000017747670013771289028
0.0000017799446012252521101
0.0000017853572147670536603
0.0000017910114920432482919
0.0000017969124393482707464
0.0000018030632355052910286
0.0000018094650778374397152
0.0000018161171114018305127
0.0000018230164685048040822
0.0000018301585373495013697
0.0000018375373764264813397
0.0000018451461447979510046
0.0000018529775434520204500
0.0000018610240942505730973
0.0000018692782833171441030
0.0000018777325979871673656
0.0000018863794573978636277
0.0000018952110848949151404
0.0000019042193420622482225
0.0000019133955726187052626
0.0000019227304537545946151
0.0000019322139030654752617
0.0000019418350270964002795
0.0000019515821145021425203
0.0000019614426624246776908
0.0000019714034281354291648
0.0000019814505012471476066
0.0000019915693920029655188
0.0000020017451334470406580
0.0000020119623919433177392
0.0000020222055850271886187
0.0000020324590009527510783
0.0000020427069181852844825
0.0000020529337199786969046
0.0000020631240058713528882
0.0000020732626986082667646
0.0000020833351454951122877
0.0000020933272134196305708
0.0000021032253821233224891
0.0000021130168337234414210
0.0000021226895397181190652
0.0000021322323310559623693
0.0000021416349274851662044
0.0000021508879707504299051
0.0000021599831157662360822
0.0000021689132403959343919
0.0000021776725737775142605
0.0000021862567279453848835
0.0000021946626753778526647
0.0000022028886829935318858
0.0000022109342165228847736
0.0000022187998209683179256
0.0000022264869793217226750
0.0000022339979559254004485
0.0000022413356376456555560
0.0000022485033705234196616
0.0000022555048073661719336
0.0000022623437584858280761
0.0000022690240519280473102
0.0000022755493958236728310
0.0000022819233507005186050
0.0000022881494085864252961
0.0000022942311668402767658
0.0000023001725990450928981
0.0000023059782833257287682
0.0000023116535589733510959
0.0000023172046196067783486
0.0000023226385439195556503
0.0000023279632646628123110
0.0000023331874854385273588
0.0000023383205586850971381
0.0000023433723454155829865
0.0000023483531060037406816
0.0000023532733831196795001
0.0000023581438041379261864
0.0000023629748138681792090
0.0000023677763338673041692
0.0000023725574025045370908
0.0000023773258831788121107
0.0000023820881982753452043
0.0000023868490633183572846
0.0000023916112506958041557
0.0000023963754144357730495
0.0000024011399952449578003
0.0000024059012300427138917
0.0000024106532504180904736
0.0000024153882439658945501
0.0000024200967132507884162
0.0000024247678384297812012
0.0000024293899325096888304
0.0000024339509605199129475
0.0000024384391155630968444
0.0000024428434516144210776
0.0000024471543917261235330
0.0000024513639844307219195
0.0000024554657379782139436
0.0000024594541795325696716
0.0000024633243850332325264
0.0000024670716150649641550
0.0000024706911270204050391
0.0000024741780064588195463
0.0000024775270481389132604
0.0000024807327568087560028
0.0000024837896099018505303
0.0000024866925039894275122
0.0000024894368966133215745
0.0000024920186132744167526
0.0000024944334659687227289
0.0000024966768166101037807
0.0000024987432931889753013
0.0000025006268158081640938
0.0000025023210315981038449
0.0000025038199414916665021
0.0000025051186268503393076
0.0000025062137805334057047
0.0000025071040132527276807
0.0000025077899390730307328
0.0000025082741405827675445
0.0000025085610612822789131
0.0000025086570013543011688
0.0000025085701312264544385
0.0000025083105583829399474
0.0000025078902937948298799
0.0000025073231152098653350
0.0000025066242825466475920
0.0000025058101484431504564
0.0000025048976599567131476
0.0000025039037838202736208
0.0000025028448463843096874
0.0000025017358325346769237
0.0000025005896295471551243
0.0000024994163564941291502
0.0000024982227138258670569
0.0000024970111698562526320
0.0000024957792098634452310
0.0000024945189944609765880
0.0000024932179540968449004
0.0000024918607835703999892
0.0000024907211298604999481
0.0000024894358501315366629
0.0000024879846080319079509
0.0000024863664825488716250
0.0000024845886699593069311
0.0000024826607262077166298
0.0000024805920519269251824
0.0000024783909843599286208
0.0000024760646037433966923
0.0000024736188175731620896
0.0000024710585336579398019
0.0000024683878403116614212
0.0000024656101627318559143
0.0000024627283914057439394
0.0000024597449828523153042
0.0000024566620374567446833
0.0000024534300666091751846
0.0000024501013887539245528
0.0000024466763552722936716
0.0000024431559545163752748
0.0000024395445738006671160
0.0000024359247488733153560
0.0000024322628070828591595
0.0000024285471067113333015
0.0000024247504548587526106
0.0000024208436165594504437
0.0000024168037068142404760
0.0000024126167399107821720
0.0000024082764702538810486
0.0000024037800164057017830
0.0000023991651105440231152
0.0000023944307865409867880
0.0000023895765294409186026
0.0000023846020787234187844
0.0000023795071927149052128
0.0000023742915056586467522
0.0000023689545659861072172
0.0000023634961030734727560
0.0000023579165242512322195
0.0000023522175908646116023
0.0000023464030823439665838
0.0000023404792244687318287
0.0000023344546541140278836
0.0000023283397902170084998
0.0000023221456365688526335
0.0000023158822382827483604
0.0000023095571510717191046
0.0000023031742754684932805
0.0000022967332650151130115
0.0000022902294964756182767
0.0000022836544553248781155
0.0000022769963244317955594
0.0000022702406001936293872
0.0000022633706181872202639
0.0000022563679588807051854
0.0000022492126382343108022
0.0000022418831243681390061
0.0000022343563404521671139
0.0000022266076924722284350
0.0000022186111696653215012
0.0000022103395747140543016
0.0000022017649373256790917
0.0000021928591511514240277
0.0000021835948536952514281
0.0000021739465260530323679
0.0000021641923493984608715
0.0000021541252408043546872
0.0000021438199224942947292
0.0000021333507862928736795
0.0000021227844926641728240
0.0000021121776413436602957
0.0000021015768413171309136
0.0000020910197444102079089
0.0000020805363523531169937
0.0000020701502973881474585
0.0000020598799840407628133
0.0000020497395638425340236
0.0000020397397495512916207
0.0000020298884876898254235
0.0000020201915107953724719
0.0000020106527894845915996
0.0000020012749018740741732
0.0000019920593351398450684
0.0000019830067314663613791
0.0000019741170884524240367
0.0000019653899222155651538
0.0000019568243999316660885
0.0000019484194456214341636
0.0000019401738016347590915
0.0000019320860680190310987
0.0000019241549234295788991
0.0000019163791912955907704
0.0000019087577257879851223
0.0000018976826343311915324
0.0000018866626874691151562
0.0000018757128290453248893
0.0000018648433971588223858
0.0000018540679426773118215
0.0000018434145975349448362
0.0000018329387286450612682
0.0000018227335071631061796
0.0000018129338996970749530
0.0000018037087613985915777
0.0000017952376826595630453
0.0000017876752868002104253
0.0000017811139089045172954
0.0000017755600008986218583
0.0000017709346153433947289
0.0000017670964643824140664
0.0000017638758784937661229
0.0000017611061782240824911
0.0000017586441513085939549
0.0000017563782408700983723
0.0000017542279118594536248
0.0000017533403547301299757
0.0000017520407903394637707
0.0000017504550880514597280
0.0000017486855510721213399
0.0000017468099667431118433
0.0000017448854672232896610
0.0000017429534521345236570
0.0000017410438821311087141
0.0000017391785555835790581
0.0000017373734711494842590
0.0000017356404916203645784
0.0000017339885074038828471
0.0000017324242510848270801
0.0000017309528709574040469
0.0000017295783380536643146
0.0000017283037375576362408
0.0000017271314793363319013
0.0000017260634514142373969
0.0000017251011328768492341
0.0000017242456777442761375
0.0000017234979780030859182
0.0000017228587117048452250
0.0000017223283804691576175
0.0000017219073396161624975
0.0000017215958233642203020
0.0000017213939669334524079
0.0000017213018268975201287
0.0000017213194006098698678
0.0000017214466448538695106
0.0000017216834928299995483
0.0000017220298669390155494
0.0000017224856847068845447
0.0000017230508608648806825
0.0000017237253084166491710
0.0000017245089392942385904
0.0000017254016647099361444
0.0000017264033952858128791
0.0000017275140410237319406
0.0000017287335111637604530
0.0000017300617139674595274
0.0000017314985564536430165
0.0000017330439441072999359
0.0000017346977805770730477
0.0000017364599673725072616
0.0000017383304035691667618
0.0000017403089855271803575
0.0000017423956066269930383
0.0000017445901570245783224
0.0000017468925234273662791
0.0000017493358267879420950
0.0000017519539241869944424
0.0000017547572386715194728
0.0000017577662564340636425
0.0000017610136977809143840
0.0000017645461803040420741
0.0000017684258889137750936
0.0000017727319106726512165
0.0000017775604118220838024
0.0000017830223576077395894
0.0000017892370826108954106
0.0000017963199662888095052
0.0000018043632138608731484
0.0000018134107478562073664
0.0000018234316276246728647
0.0000018343000819367097382
0.0000018457917565873647571
0.0000018576026069545626561
0.0000018693887746208376548
0.0000018808165911369525203
0.0000018916073443805985676
0.0000019015646039486861756
0.0000019105803580504557156
0.0000019186242218439398174
0.0000019257237679003341576
0.0000019319433916857659664
0.0000019373663769025155899
0.0000019420818244945907264
0.0000019461764037279538284
0.0000019497299000641989404
0.0000019528133890974985077
0.0000019554890123981920004
0.0000019578106068962500688
0.0000019598247135018975468
0.0000019615716871436282930
0.0000019630867758213376590
0.0000019644011092759551688
0.0000019655425381941043811
0.0000019665361155082231247
0.0000019674041411711384422
0.0000019681657942719008222
0.0000019688365095532076820
0.0000019694274705957712721
0.0000019699454975637594589
0.0000019703935613093538534
0.0000019707720132668126860
0.0000019712755725249558540
0.0000019717062293645229025
0.0000019720584712678800496
0.0000019723263000062513728
0.0000019725032479802667699
0.0000019725824155506953185
0.0000019725565374682556559
0.0000019724180905271409319
0.0000019721594571736228428
0.0000019717731584332630180
0.0000019712521668846373936
0.0000019705903296721992005
0.0000019697829715017098215
0.0000019688277621309214519
0.0000019677259450119798115
0.0000019664840921105844240
0.0000019652692205507033388
0.0000019639727375304364421
0.0000019625974506046908116
0.0000019611449905961355342
0.0000019596151398400752229
0.0000019578310014805279656
0.0000019559557961642419610
0.0000019539865624596144883
0.0000019519197034661513533
0.0000019497508750012114125
0.0000019474748822877003873
0.0000019450856017081169890
0.0000019425759246513528310
0.0000019403263338708714159
0.0000019380074369956582096
0.0000019356177116610492073
0.0000019331540699307758249
0.0000019306111326249107638
0.0000019279802294116505677
0.0000019252480737255921485
0.0000019223951050595891253
0.0000019193935850323233248
0.0000019162056773002326473
0.0000019127819940647809075
0.0000019090613851773730050
0.0000019049729722466885772
0.0000019004414037543933739
0.0000018953956999949556650
0.0000018897807305077336505
0.0000018835686562434737638
0.0000018767665454891692069
0.0000018694169446041137435
0.0000018615906398179682003
0.0000018533739839271017818
0.0000018448550660549946326
0.0000018361126901317633457
0.0000018272102010482640458
0.0000018181940616654951171
0.0000018090957721355473827
0.0000017999354311255044537
0.0000017907255586808135593
0.0000017814744421522895855
0.0000017721886660237320837
0.0000017628748062556849145
0.0000017535403881708211299
0.0000017441942364245939162
0.0000017348463772101485434
0.0000017255076393449489887
0.0000017161891110784174318
0.0000017111157223783661020
0.0000017060141375253031391
0.0000017008845458986746839
0.0000016957271431032493099
0.0000016905421361303025873
0.0000016853297506820769970
0.0000016800902414208988033
0.0000016748239061917279647
0.0000016695311056775400992
0.0000016642122905412307530
0.0000016588680389794170045
0.0000016534991089102608564
0.0000016481065109753623016
0.0000016426916115386495542
0.0000016372562795468894557
0.0000016318030985416288675
0.0000016263356771014202626
0.0000016208591107120221662
0.0000016153806811149704671
0.0000016099109356527375633
0.0000016044653874110838980
0.0000015990672509941776727
0.0000015937519414170071717
0.0000015885746306089993284
0.0000015836231865810161143
0.0000015790406857754827308
0.0000015750651081855514846
0.0000015721010239854291912
0.0000015653270083881096502
0.0000015595186762025984682
0.0000015549257273457151993
0.0000015518814389917736449
0.0000015508221896373786996
0.0000015522951484955736974
0.0000015569283112438910340
0.0000015653091528493373266
0.0000015776894609633132475
0.0000015934620064221617506
0.0000016105653585682420030
0.0000016254056289326550778
0.0000016340044271854093832
0.0000016340104174781980975
0.0000016258282946140219122
0.0000016118507519747984922
0.0000015948392395021009064
0.0000015768538052606749455
0.0000015590293570356354189
0.0000015418167773736927051
0.0000015253177351095151052
0.0000015106622707650309777
0.0000014963776971505925782
0.0000014824621803478038197
0.0000014689138189003472874
0.0000014557306510444069781
0.0000014429106613436328065
0.0000014304517867829867953
0.0000014183519224031126433
0.0000014066089265708699140
0.0000013952206260077982784
0.0000013841848207174612705
0.0000013734992889814439686
0.0000013631617926113056110
0.0000013531700826678112769
0.0000013435219058787605559
0.0000013342150120096370150
0.0000013252471624634947484
0.0000013166161404114859790
0.0000013083197627802115127
0.0000013003558944512936089
0.0000012927224650623572878
0.0000012854174888399739055
0.0000012784390879481069818
0.0000012717855199031820525
0.0000012654552096965247632
0.0000012594467873823917102
0.0000012537591320471790465
0.0000012483914232837180242
0.0000012433432015730602790
0.0000012386144393439089891
0.0000012342056236234979246
0.0000012301178481239376841
0.0000012263529194464228059
0.0000012229134833749667340
0.0000012198031773072751123
0.0000012170268157832834743
0.0000012145906170446536054
0.0000012125024784740501686
0.0000012107723062574400296
0.0000012094123952923735196
0.0000012084378307835837770
0.0000012078668268752775285
0.0000012077207962397212758
0.0000012080237002971788777
0.0000012087997798890236696
0.0000012100680799908040864
0.0000012118316481103535851
0.0000012140609305768560049
0.0000012166811460349938306
0.0000012192617881918341173
0.0000012219545870312415626
0.0000012247379141501910090
0.0000012275900331286224395
0.0000012304891628174234083
0.0000012334136931284804264
0.0000012363423733930785536
0.0000012392545346599968150
0.0000012421302971142717704
0.0000012449507640877776598
0.0000012476982306815323118
0.0000012503564119752056403
0.0000012529106774403908337
0.0000012553482787429184912
0.0000012576585553305981763
0.0000012598330989169123057
0.0000012618658511466246262
0.0000012637531191532284276
0.0000012654935196845706431
0.0000012670878541717701257
0.0000012685389450009215058
0.0000012698514369690100591
0.0000012710315537745830318
0.0000012720868135028122943
0.0000012730256982009142794
0.0000012738573013766442142
0.0000012745909710129759181
0.0000012752359798205742334
0.0000012758012689266443792
0.0000012762952530003085309
0.0000012767256038799886792
0.0000012771102278788406840
0.0000012774851636868049289
0.0000012778696599491830305
0.0000012782751993056810984
0.0000012787058411058831892
0.0000012791611841288474567
0.0000012796387473645278783
0.0000012801353630617663715
0.0000012806478686858900822
0.0000012811734019681712376
0.0000012817094961253679488
0.0000012822540835192252395
0.0000012828054623352979257
0.0000012833622524746788934
0.0000012839233530446754940
0.0000012844879041595211886
0.0000012850552539682016253
0.0000012856249283123828157
0.0000012861965997253788071
0.0000012867700591049838340
0.0000012873451892996148912
0.0000012879219435264342210
0.0000012885003288982146507
0.0000012890803944385488726
0.0000012896622235621012143
0.0000012902459290418696910
0.0000012908316499932612460
0.0000012914195495710040849
0.0000012920098129933806459
0.0000012926026458086531235
0.0000012931982723661330002
0.0000012937969344643471676
0.0000012943988901698608576
0.0000012950044127906906507
0.0000012956137900107831294
0.0000012962273232044880316
0.0000012968453269459707444
0.0000012974681286869154201
0.0000012980960685266499753
0.0000012987294987864743420
0.0000012993687831150121984
0.0000013000142952519229723
0.0000013006664173661212420
0.0000013013255385208782858
0.0000013019920534622981517
0.0000013026663615042805214
0.0000013033488653713292846
0.0000013040399695682705555
0.0000013047400778569548631
0.0000013054495893192564831
0.0000013061688925447174717
0.0000013068983584596378850
0.0000013076383307681257984
