3.0000000000000000000000000
0.0000006379714563692962821
0.0000006124761549072562097
0.0000005874384260816686197
0.0000005628597231980917308
0.0000005387417388309055691
0.0000005150863876263153369
0.0000004918957362331737656
0.0000004691719394384120818
0.0000004469171835791081473
0.0000004251336367583131846
0.0000004038234062005819475
0.0000003829885012017605801
0.0000003626307997945448023
0.0000003427520144483578543
0.0000003233536606053114847
0.0000003044370278204789477
0.0000002860031558103126428
0.0000002680528163844201517
0.0000002505864975165142005
0.0000002336043881630930009
0.0000002171063627382247905
0.0000002010919647625762054
0.0000001855603892450336186
0.0000001705104636868748937
0.0000001559406282369170547
0.0000001418489160519814076
0.0000001282329376897371197
0.0000001150898785655662822
0.0000001024165373431614601
0.0000000902094416407683765
0.0000000784649379593455634
0.0000000671790990061459361
0.0000000563476940327323089
0.0000000459661917729424269
0.0000000360297663506082357
0.0000000265333229953092147
0.0000000174715979758264607
0.0000000088392892811258396
0.0000000006311769806089569
-0.0000000071577524013094078
-0.0000000145321670627942062
-0.0000000214962314363279828
-0.0000000280534196589614386
-0.0000000342062909858397652
-0.0000000399562151702617582
-0.0000000453030350312229182
-0.0000000502446479602910669
-0.0000000547764865303856905
-0.0000000588908475579470033
-0.0000000625759893221578150
-0.0000000658148803771198987
-0.0000000685834269491354067
-0.0000000708479353253285891
-0.0000000725615324337823090
-0.0000000736594274498293918
-0.0000000740536087937730806
-0.0000000736296999182919612
-0.0000000722529754923278624
-0.0000000697941192600417926
-0.0000000666799569375901774
-0.0000000629268383220137623
-0.0000000585297229922789933
-0.0000000534899415985697311
-0.0000000478165382133575233
-0.0000000415274805595494945
-0.0000000346506031415665814
-0.0000000272240656179662873
-0.0000000192961408255260275
-0.0000000109242772960815741
-0.0000000021734625427731352
0.0000000068863265104155922
0.0000000161836054660426009
0.0000000256497730781400783
0.0000000352238436728098749
0.0000000448566905667497282
0.0000000545140785478588384
0.0000000641779612423874361
0.0000000738458584885315589
0.0000000835285312609978626
0.0000000932464529517664256
0.0000001030256576413750669
0.0000001128934170912003495
0.0000001228739397193535130
0.0000001329841364108209174
0.0000001432301742739900273
0.0000001536082345450025810
0.0000001626371466728740821
0.0000001719729974685703048
0.0000001829426752909841778
0.0000001940432705339301689
0.0000002052570330633762063
0.0000002165637165068726236
0.0000002279404344829990986
0.0000002393613729443014410
0.0000002507974455170546846
0.0000002622160850543497773
0.0000002735813723864400342
0.0000002848548048335721866
0.0000002959967815325835856
0.0000003069684060322036533
0.0000003177334451705926771
0.0000003282596703866352528
0.0000003385195732124247750
0.0000003484905487706610108
0.0000003581545278306700952
0.0000003674971363318735063
0.0000003765066742300764689
0.0000003851732195879626572
0.0000003934879480139645882
0.0000004014426882164902228
0.0000004090295254705147598
0.0000004162404125479406233
0.0000004230667609355189211
0.0000004294990646881350396
0.0000004355267508228357563
0.0000004411386554804488233
0.0000004463237347120371058
0.0000004510713172789394785
0.0000004553713016600046729
0.0000004592139462222832708
0.0000004625904413245559998
0.0000004654942844837439013
0.0000004679216516201829431
0.0000004698710409024983839
0.0000004713426334501353902
0.0000004723376686332279785
0.0000004728587662356389915
0.0000004729104202674436178
0.0000004724991350537863420
0.0000004716332407516719092
0.0000004703223841128473518
0.0000004685768393821860826
0.0000004664069612213067792
0.0000004638228902472890272
0.0000004608343611821103582
0.0000004574502296223586692
0.0000004536776098203616057
0.0000004495207003987494578
0.0000004449798881366094958
0.0000004400514577983661044
0.0000004347282603042001472
0.0000004290003360256845714
0.0000004228536492406751539
0.0000004162681883611770185
0.0000004092155288205502882
0.0000004016609394831997150
0.0000003935685018254106429
0.0000003849066958606343366
0.0000003756531181583225149
0.0000003657974921435791399
0.0000003553432107421295067
0.0000003443071676448463789
0.0000003327182823412470676
0.0000003206156253038871319
0.0000003080466151255825459
0.0000002950655097193092948
0.0000002817321118403085149
0.0000002681105248211032354
0.0000002542680952962883510
0.0000002402744610900982091
0.0000002262008496912962353
0.0000002121194351141420420
0.0000001981029067733661877
0.0000001842242773049664253
0.0000001705570654746004028
0.0000001571756860249306710
0.0000001441558310714429473
0.0000001315747070587400222
0.0000001195110577630097527
0.0000001080449541463052788
0.0000000972572282616290769
0.0000000872284212118093736
0.0000000780373206554140391
0.0000000697591325444940720
0.0000000624635320905961616
0.0000000562127749095053619
0.0000000510597820399517700
0.0000000470459702091469006
0.0000000441984490026367050
0.0000000425259190021497204
0.0000000420121324156704686
0.0000000476245818626619096
0.0000000538872721359891201
0.0000000603597287089604476
0.0000000667855197631894196
0.0000000730445329200237744
0.0000000762630878042787581
0.0000000800432314029375716
0.0000000843870767761732919
0.0000000893025462816157272
0.0000000948061546698272869
0.0000001009367391387385228
0.0000001077677041866754083
0.0000001154076685026603042
0.0000001239856871436015045
0.0000001336278757576933718
0.0000001444290596266794218
0.0000001564214167382400042
0.0000001695450358697780798
0.0000001836289418274309973
0.0000001983916877514272765
0.0000002134665240889072338
0.0000002284478200647778149
0.0000002429466871250073866
0.0000002566397654960921574
0.0000002692986622742626770
0.0000002807959584416750353
0.0000002910919970895418506
0.0000003002109991126037497
0.0000003082149141269028102
0.0000003151806651085082268
0.0000003211832807217391006
0.0000003262850881666256890
0.0000003305299051862179256
0.0000003339408344165813838
0.0000003365204147046021516
0.0000003382521849427678231
0.0000003391030666392734640
0.0000003390262001033610669
0.0000003379640543196728072
0.0000003358516949231319063
0.0000003326201745747274379
0.0000003282000108613116172
0.0000003225246852982892235
0.0000003155340938767883063
0.0000003071776524958728150
0.0000002974168110076586055
0.0000002862270524488190313
0.0000002736002713483888783
0.0000002595487240257121566
0.0000002441098305056406578
0.0000002273505695925730866
0.0000002093682251916184351
0.0000001902886860237311004
0.0000001702628503823480577
0.0000001494613586435355241
0.0000001280686190737476659
0.0000001062767615298792206
0.0000000842797724118614767
0.0000000622682431311409432
0.0000000404251486662901789
0.0000000189227677374474793
-0.0000000020798361017575195
-0.0000000224390992211210860
-0.0000000420292549269025031
-0.0000000607445367214691438
-0.0000000785017197183447108
-0.0000000952422753036588682
-0.0000001109332901104401241
-0.0000001255664966579394859
-0.0000001391551443700584216
-0.0000001517304816336369662
-0.0000001633386946449902373
-0.0000001740383969151447395
-0.0000001838978113578429116
-0.0000001929896072923820489
-0.0000002013852290759639098
-0.0000002091503810280873172
-0.0000002163432956524076774
-0.0000002230145374161345055
-0.0000002292072187856652173
-0.0000002349571592668013215
-0.0000002402921119549573567
-0.0000002452314587540420980
-0.0000002497858091792477949
-0.0000002539572337966435399
-0.0000002577404820588097409
-0.0000002611243636239696754
-0.0000002640931750515897665
-0.0000002666281293355239267
-0.0000002687090535175972515
-0.0000002703170431708816659
-0.0000002714385026190357848
-0.0000002720707088793398437
-0.0000002722279114371583518
-0.0000002719451187881435859
-0.0000002712809753480561821
-0.0000002703196230271886030
-0.0000002691681201553150090
-0.0000002679483289386520379
-0.0000002667838872482680325
-0.0000002657846575419669842
-0.0000002650335602356285598
-0.0000002645793295351327632
-0.0000002644368446123890886
-0.0000002645953427857495488
-0.0000002645129272074485935
-0.0000002646600321070677165
-0.0000002650989532902345410
-0.0000002658604517963580046
-0.0000002669533160713006425
-0.0000002683733886956323410
-0.0000002701099147264013542
-0.0000002721494361167799334
-0.0000002744779749015256633
-0.0000002770821570409070654
-0.0000002799497266519331229
-0.0000002830697285932795305
-0.0000002864325197937950043
-0.0000002896756087164534879
-0.0000002932135451702198584
-0.0000002970144317438845741
-0.0000003010534449025928146
-0.0000003053133879657421034
-0.0000003097849902112060849
-0.0000003144653821964159950
-0.0000003188044064664289801
-0.0000003231936648190688700
-0.0000003276224349157000089
-0.0000003320856928300214495
-0.0000003365915268969142958
-0.0000003422712729904172176
-0.0000003482375276805251454
-0.0000003544871305405929026
-0.0000003610052581413796243
-0.0000003677664846243939580
-0.0000003747382189404475261
-0.0000003818856682297442362
-0.0000003891774159787294062
-0.0000003965902237353959582
-0.0000004041111154009756083
-0.0000004117365279054766930
-0.0000004194703257977957669
-0.0000004273216550264828150
-0.0000004353031204859544772
-0.0000004434295029566698621
-0.0000004517168752019069433
-0.0000004601820429665062871
-0.0000004688423449817981532
-0.0000004777156630718192447
-0.0000004868202796771697216
-0.0000004961745246450925914
-0.0000005057966356176753367
-0.0000005157051335690690045
-0.0000005259189494800413508
-0.0000005364572890001871283
-0.0000005473395980025062651
-0.0000005585855863235987237
-0.0000005702151760023242096
-0.0000005822482648409453926
-0.0000005947041233628866218
-0.0000006076002636288044531
-0.0000006209506677176837594
-0.0000006347634712823559900
-0.0000006490385229185343127
-0.0000006637638891988076140
-0.0000006789114314368569633
-0.0000006944325967107888083
-0.0000007102547881211776996
-0.0000007262788991164846514
-0.0000007423785393365364091
-0.0000007584015525363298603
-0.0000007741742580247190061
-0.0000007895086082655626298
-0.0000008042121515443707047
-0.0000008181000309508949127
-0.0000008310076321019586404
-0.0000008428022223074660941
-0.0000008533920383251332543
-0.0000008627315973913714339
-0.0000008708226849370382517
-0.0000008777112200291723650
-0.0000008834807395713406648
-0.0000008882434499256791979
-0.0000008921300720717879796
-0.0000008952794815476887810
-0.0000008978298845629246397
-0.0000008999122448291115335
-0.0000009016464176433630312
-0.0000009031397901437902007
-0.0000009044883305270438036
-0.0000009057780762205148210
-0.0000009070861406370433999
-0.0000009084797983051671786
-0.0000009100149071818658549
-0.0000009117352057362598912
-0.0000009136721719434769546
-0.0000009158455013855132523
-0.0000009182643381301961421
-0.0000009209293862753681062
-0.0000009238354752761784702
-0.0000009269741257557540593
-0.0000009303352342640415845
-0.0000009339075672011184358
-0.0000009376782419877379193
-0.0000009416319903460521484
-0.0000009457512265026977575
-0.0000009500177240351393027
-0.0000009544163320589141868
-0.0000009589407835505221463
-0.0000009636006657563711492
-0.0000009684276921589143815
-0.0000009734786248582925998
-0.0000009788313583801463620
-0.0000009845717036618110001
-0.0000009907720017998160251
-0.0000009974674280280342345
-0.0000010046395171842658467
-0.0000010122145566707371136
-0.0000010200773171191813155
-0.0000010280930242705444948
-0.0000010361242741447336666
-0.0000010440382024747111049
-0.0000010517089729731959260
-0.0000010590175432113867571
-0.0000010658514853864754237
-0.0000010721072543480466067
-0.0000010776932054852398603
-0.0000010825327001862176987
-0.0000010865663041670417341
-0.0000010897490485533299522
-0.0000010899234057118803951
-0.0000010898615020304542643
-0.0000010896015029896108915
-0.0000010891905536842436127
-0.0000010886860099070624020
-0.0000010881562891868291664
-0.0000010876805857579841226
-0.0000010873459062322094546
-0.0000010872385320309054350
-0.0000010874251304852186481
-0.0000010879176611697326995
-0.0000010886217652813719705
-0.0000010892972431133365532
-0.0000010855202391390318443
-0.0000010802491834303880840
-0.0000010734593607848608741
-0.0000010651352195185274599
-0.0000010552593210684843206
-0.0000010438094288508401128
-0.0000010307571381489442793
-0.0000010160680936588517497
-0.0000009997039797692800537
-0.0000009816263671166636339
-0.0000009618022400201057258
-0.0000009402108777300785336
-0.0000009168514476517072710
-0.0000008917502427431393855
-0.0000008649662344991736612
-0.0000008365937710760372179
-0.0000008067615686923110266
-0.0000007756278150470350308
-0.0000007433717533124526384
-0.0000007101828799587739954
-0.0000006762494164091340490
-0.0000006417481242443053820
-0.0000006068375629068552283
-0.0000005716546483787967202
-0.0000005363143603832666885
-0.0000005009151720473595421
-0.0000004655497535106866861
-0.0000004303134805433036256
-0.0000003953032561252898363
-0.0000003606112317693779359
-0.0000003263235705301301346
-0.0000002925215595382913096
-0.0000002592831100934834613
-0.0000002266844090030462959
-0.0000001948014318072505363
-0.0000001637111962710482127
-0.0000001334925551640232882
-0.0000001042264994710745082
-0.0000000759957508048909347
-0.0000000488835305291828398
-0.0000000229713513771284632
0.0000000016642061716043436
0.0000000249553726929338713
0.0000000468465846680095450
0.0000000672963947619128684
0.0000000862775285865574468
0.0000001037761042326590220
0.0000001197904414271989503
0.0000001343292046287383526
0.0000001474090824442844241
0.0000001590523055425791917
0.0000001692840270998371143
0.0000001781293334956067960
0.0000001856093730817074263
0.0000001917370542726210768
0.0000001965154586492399314
0.0000001999391089652462642
0.0000002019970507755714790
0.0000002026774432863895963
0.0000002019728912400759310
0.0000001998857997913836298
0.0000001964330520395251244
0.0000001916488236222950862
0.0000001855854812359455290
0.0000001783117038244575308
0.0000001699079366366269138
0.0000001604600021170091606
0.0000001500525811080336153
0.0000001387645347023521387
0.0000001266662323672606997
0.0000001138195877608029089
0.0000001002792046154939166
0.0000000860934062307388745
0.0000000713043962976286320
0.0000000559475694474496516
0.0000000400503827981598880
0.0000000236319045361618255
0.0000000067032841564894620
-0.0000000107305801494250413
-0.0000000286688504134907091
-0.0000000471125783893285472
-0.0000000660628108965024504
-0.0000000855189703926285272
-0.0000001054773957508810781
-0.0000001259298936050341774
-0.0000001468622634941747805
-0.0000001682527429960728760
-0.0000001900704308309615083
-0.0000002122736691289173583
-0.0000002348084219898022687
-0.0000002576067558694602322
-0.0000002805862042278690094
-0.0000003036501897698287991
-0.0000003266889976818835292
-0.0000003495813135388696383
-0.0000003721966902191390913
-0.0000003943990293278446939
-0.0000004160512085115919235
-0.0000004370205459777644326
-0.0000004571836894855603231
-0.0000004764304979354198177
-0.0000004946660452146368469
-0.0000005118114906786236136
-0.0000005278043607753914182
-0.0000005425983976394916739
-0.0000005561631188748040935
-0.0000005684830558945366560
-0.0000005795567550497377391
-0.0000005893956241967772201
-0.0000005980225973280230923
-0.0000006054705175775022499
-0.0000006117803268402202688
-0.0000006169990864223897601
-0.0000006211779836512114732
-0.0000006243703182339059388
-0.0000006266296407547291312
-0.0000006280081515590317789
-0.0000006285556737193453100
-0.0000006283188962023623348
-0.0000006273405632719450980
-0.0000006256587687232112720
-0.0000006233069475851090026
-0.0000006203145255761239417
-0.0000006167081075893135746
-0.0000006125130376502240235
-0.0000006077552269358920280
-0.0000006024632165659175639
-0.0000005966704939134322275
-0.0000005904181336406028845
-0.0000005837579082184018494
-0.0000005767556039478838884
-0.0000005694938490313372930
-0.0000005620737925725877021
-0.0000005546147501523069927
-0.0000005472511053361288438
-0.0000005401259785568647927
-0.0000005333813796996852681
-0.0000005271454021127960446
-0.0000005215182387081769186
-0.0000005165597008828530027
-0.0000005122811682196106892
-0.0000005086441797842631993
-0.0000005055663059886753156
-0.0000005029330427927335705
-0.0000005006130496528233569
-0.0000004984735150988117219
-0.0000004963929158432771497
-0.0000004942695075745965555
-0.0000004920248785743505367
-0.0000004896024970831712192
-0.0000004869617337097038669
-0.0000004840686600082077253
-0.0000004808874660832510366
-0.0000004773765023749926763
-0.0000004734876458904897282
-0.0000004691663278467142268
-0.0000004643517122583186474
-0.0000004589775547844173260
-0.0000004529738802661708971
-0.0000004462691589335584230
-0.0000004387925704089461626
-0.0000004304753710968220772
-0.0000004212512819390130804
-0.0000004110575992341087911
-0.0000003998369378491390603
-0.0000003875391156108887978
-0.0000003741228455818392280
-0.0000003595570577528099980
-0.0000003438216247069868814
-0.0000003269077808323503731
-0.0000003088181873276983295
-0.0000002895669139200082141
-0.0000002691792133333025244
-0.0000002476909020813638204
-0.0000002251471086428893438
-0.0000002016004879153029012
-0.0000001771090317938828288
-0.0000001517341750945079395
-0.0000001255393253283675796
-0.0000000985889311422826073
-0.0000000709480956090819056
-0.0000000426825202414744869
-0.0000000138587251527185219
0.0000000154556755959565645
0.0000000451917952629436465
0.0000000752794933054396939
0.0000001056474817998803477
0.0000001362235499559025101
0.0000001669346907280715566
0.0000001977069359427840271
0.0000002284648222104894782
0.0000002591305548467666774
0.0000002896231354790441011
0.0000003198577048121765252
0.0000003497452996877383021
0.0000003791931771466456822
0.0000004081058307650193862
0.0000004363868046020727715
0.0000004639414245326236755
0.0000004906807051213896815
0.0000005165271982908685007
0.0000005378409695329180034
0.0000005577957453935875195
0.0000005765987263378299316
0.0000005944342470375608392
0.0000006114434021079216130
0.0000006277263014916798078
0.0000006471217337591133363
0.0000006657405590120634372
0.0000006835552979436737428
0.0000007005339151427004885
0.0000007166368933815199935
0.0000007318136718575659760
0.0000007460001830709567558
0.0000007591191282828358393
0.0000007710845148557282265
0.0000007818116624131107048
0.0000007912330594688956326
0.0000007993185713744486403
0.0000008060950227520131551
0.0000008116568943976323239
0.0000008161600100284705844
0.0000008197976641811702544
0.0000008220771163800067541
0.0000008248328279538751349
0.0000008280666350487367393
0.0000008316123396897679211
0.0000008352726620570463018
0.0000008388774556930084605
0.0000008422966156740130953
0.0000008441816861003275131
0.0000008454778344831186374
0.0000008461934620881993643
0.0000008463371606390523333
0.0000008459166753316850287
0.0000008449382723373187739
0.0000008434068464979025897
0.0000008413268564742344845
0.0000008387036847947390744
0.0000008355450589471634190
0.0000008318625115423414206
0.0000008276728292071810206
0.0000008229993436490675270
0.0000008178726508657829034
0.0000008123304176892364789
0.0000008064160964249862515
0.0000008001766612058785777
0.0000007936597806204522926
0.0000007869109912143799014
0.0000007799713624254550471
0.0000007728759085299930700
0.0000007656527179464767721
0.0000007583226694581611508
0.0000007508995791465797285
0.0000007433907875332204596
0.0000007357981145314382636
0.0000007281186445307229346
0.0000007203452207366571823
0.0000007124668608090077505
0.0000007044691687410129638
0.0000006963347704225753481
0.0000006880438150169338106
0.0000006795745665180287104
0.0000006709041624479576776
0.0000006620096639483871943
0.0000006528693997559961614
0.0000006434645917922225541
0.0000006337812499994005483
0.0000006238122960660139258
0.0000006135597786001179049
0.0000006030368566176302291
0.0000005922694141460091447
0.0000005812972027222622003
0.0000005692476972442871630
0.0000005575423120172996131
0.0000005463942017949719764
0.0000005359460215806636346
0.0000005262745521896299862
0.0000005174088041237233248
0.0000005093474583503665315
0.0000005020717994629308320
0.0000004955542088608878438
0.0000004897633518547718561
0.0000004846671817059718419
0.0000004802346290762993674
0.0000004764365408186851820
0.0000004732461375610223153
0.0000004706391664734774711
0.0000004685938788700807415
0.0000004670909143219855616
0.0000004661131397187184548
0.0000004656454714568548694
0.0000004656746966869126992
0.0000004661893022017795303
0.0000004671793151888672063
0.0000004686361575209618195
0.0000004705525138113227779
0.0000004729222126700453659
0.0000004727436373781728888
0.0000004730862552672468131
0.0000004739664657384340489
0.0000004754125527559258581
0.0000004774800661165019564
0.0000004802544828308063719
0.0000004838356509901902700
0.0000004883152507136088426
0.0000004937595500026007661
0.0000005001979410489082526
0.0000005076201944656996715
0.0000005159754273218280773
0.0000005251690201836284072
0.0000005350601821444526282
0.0000005454657043346722536
0.0000005561750398489755625
0.0000005693643043089268983
0.0000005812982129764437226
0.0000005919908828200244206
0.0000006017076848505915666
0.0000006107603756901200754
0.0000006194110700855098581
0.0000006278532266230652631
0.0000006362218886127405983
0.0000006446093358907671868
0.0000006530783582095877098
0.0000006616718516187495338
0.0000006704193414583227868
0.0000006793413132964518357
0.0000006884520723949638923
0.0000006977616381658299749
0.0000007072770094561543676
0.0000007170030184843543146
0.0000007274983166727248449
0.0000007383964320534754882
0.0000007497181936581916391
0.0000007614871969888290859
0.0000007737321773103371386
0.0000007864896996525801398
0.0000007998068597284518827
0.0000008137438321793809418
0.0000008283758408013991606
0.0000008437939244067507873
0.0000008601037606365443200
0.0000008774217202699392064
0.0000008958674621271675902
0.0000009155529199437307215
0.0000009365683489940918605
0.0000009589672261182726525
0.0000009827528176585755116
0.0000010078696734621222399
0.0000010342027869847312067
0.0000010615854908617660435
0.0000010898150049101059152
0.0000011186725855231480402
0.0000011479441701361920785
0.0000011774377629705624539
0.0000012069948635934568481
0.0000012364947678136991409
0.0000012658520007988966720
0.0000012933321949276428155
0.0000013186198876941739919
0.0000013417750653957734779
0.0000013629616535860208406
0.0000013877151390961831690
0.0000014120981594746319382
0.0000014361469843931389840
0.0000014598747527948469182
0.0000014832660558558294404
0.0000015062775463817280544
0.0000015375511609464767059
0.0000015689791887353070024
0.0000015999545844018505706
0.0000016297299064896103477
0.0000016574735335846545750
0.0000016823839129245168318
0.0000016979849075434085618
0.0000017119681397491892289
0.0000017243493514205935023
0.0000017351703516622072299
0.0000017444940722605508023
0.0000017523957174945325329
0.0000017589525191200652691
0.0000017642342418104445067
0.0000017682958751728822210
0.0000017711732446324081514
0.0000017728816798044118704
0.0000017734177966887599769
0.0000017727640692551515133
0.0000017708954080098900898
0.0000017677858194290913831
0.0000017634141993229301177
0.0000017660364510348525409
0.0000017681223923272204489
0.0000017696048997718365918
0.0000017704045561264410887
0.0000017704310639804577325
0.0000017695881510617957868
0.0000017677837030708188403
0.0000017561315585620460948
0.0000017431239451977383834
0.0000017288367873471541302
0.0000017133623094818007537
0.0000016968050067003308125
0.0000016792775404710504898
0.0000016608969422133679975
0.0000016417813117021574566
0.0000016220471392270015415
0.0000016018073615249395409
0.0000015811701324025105518
0.0000015602376787226531417
0.0000015391037934264202142
0.0000015090772634688508237
0.0000014883451513844066291
0.0000014676473505837769721
0.0000014469648533374472949
0.0000014262403764885124142
0.0000014053865319825265372
0.0000013842952919308595552
0.0000013628481075249054900
0.0000013409276607451167908
0.0000013184322016093819434
0.0000012952925892248849397
0.0000012714905864534613850
0.0000012470748880739102477
0.0000012221695747808306333
0.0000011969695418667106673
0.0000011717201673110018412
0.0000011466838463714027948
0.0000011221016640228587957
0.0000010981610140168012759
0.0000010749775921305520316
0.0000010525942974847927966
0.0000010309936650864978958
0.0000010101173402683212780
0.0000009898862857385620690
0.0000009702175830950618548
0.0000009510360911013080317
0.0000009322809856638258689
0.0000009139080845630306819
0.0000008958890784442495649
0.0000008782086823369810041
0.0000008608605962475714105
0.0000008438431783922013528
0.0000008269837466680594323
0.0000008104031737746769309
0.0000007941008630327795439
0.0000007780758998153841330
0.0000007623270580709471550
0.0000007468528121105880165
0.0000007316513351991307646
0.0000007167204787501178876
0.0000007020577247955575676
0.0000006876601044684011844
0.0000006735240805175299199
0.0000006596453829729434265
0.0000006460187890032200072
0.0000006326378310143565724
0.0000006194944124023324053
0.0000006065783120931086547
0.0000005938765739841510420
0.0000005813728252033207839
0.0000005690466958834971387
0.0000005568738221626435908
0.0000005448275825351867091
0.0000005328849431342575033
0.0000005210402899650403087
0.0000005093302590505328294
0.0000004978606975052718552
0.0000004880634288828803726
0.0000004787603219371175813
0.0000004699705440338741515
0.0000004616987909624118212
0.0000004539366027185169883
0.0000004466611521471581051
0.0000004398356123080472124
0.0000004334150890159218359
0.0000004273555193653509139
0.0000004216224975468965547
0.0000004161958702757141294
0.0000004110692458356848781
0.0000004062457205128273764
0.0000004017319612926034068
0.0000003975326942996973747
0.0000003936481419388432330
0.0000003890278951198125696
0.0000003847561653058930026
0.0000003808390399068268780
0.0000003772831451880514530
0.0000003740956178487652658
0.0000003712840844539450916
0.0000003688566453670735214
0.0000003668218529385343099
0.0000003651886598182915931
0.0000003639662653549301512
0.0000003631637129903567944
0.0000003627889275437201436
0.0000003628466112224567245
0.0000003633340552270214567
0.0000003642338380082036454
0.0000003655042677876742060
0.0000003670778023802398626
0.0000003685075682910891470
0.0000003701200021436304129
0.0000003719086755412419409
0.0000003738655094194160531
0.0000003759788860895447147
0.0000003782326769346694497
0.0000003806062969177376216
0.0000003830756099736895916
0.0000003856147686199051466
0.0000003881986594362281101
0.0000003908054198865015020
0.0000003934183414014524323
0.0000003960264159292847685
0.0000003986244134573042730
0.0000004012125525048641648
0.0000004037950807218559262
0.0000004063775740697338445
0.0000004089641512986964283
0.0000004115553818997795292
0.0000004141469283699681223
0.0000004167288522970330320
0.0000004192855052576400967
0.0000004217958837577400306
0.0000004242344012219648360
0.0000004265720556680683627
0.0000004287778170156265148
0.0000004308203225538208914
0.0000004314751281201715869
0.0000004323965554193689017
0.0000004336583780736960214
0.0000004353030353728951227
0.0000004373782715818963263
0.0000004391469878617625200
0.0000004405462914765780087
0.0000004415168642361754490
0.0000004420049692747679455
0.0000004419639482073179275
0.0000004413543307494985877
0.0000004401433490860794004
0.0000004383037708532548986
0.0000004358124300703237556
0.0000004326489917148772710
0.0000004287951006267806521
0.0000004242344054318844434
0.0000004189535503955652229
0.0000004129441897199969500
0.0000004062056291765632854
0.0000003987474601586781146
0.0000003905914878179947517
0.0000003817723589946571189
0.0000003723365215033038442
0.0000003623394736725794656
0.0000003518416769226199945
0.0000003409037817101302342
0.0000003295819402379477678
0.0000003179238992852303903
0.0000003059663443814479524
0.0000002937337120161496253
0.0000002812386823855704886
0.0000002684843574609641263
0.0000002554680736571106856
0.0000002421867286095721468
0.0000002286431874804833913
0.0000002148519133883729170
0.0000002008406813473141860
0.0000001868402221868318394
0.0000001723551447004889716
0.0000001577768309090148108
0.0000001431515819158956397
0.0000001285310617392739030
0.0000001139700987617639195
0.0000000995245138982123519
0.0000000852496835544072579
0.0000000711993990971343429
0.0000000574248325254686934
0.0000000439736892644591220
0.0000000308896348279514156
0.0000000182119088605175778
0.0000000059750691645084455
-0.0000000057911313671395265
-0.0000000170617526170083403
-0.0000000278165751265547166
-0.0000000380399104082748234
-0.0000000477202627027413188
-0.0000000568498555071550939
-0.0000000654241850523252884
-0.0000000734416671761914953
-0.0000000809035742299725662
-0.0000000878142228600432469
-0.0000000941812434660338709
-0.0000001000158306993426075
-0.0000001053328127252268307
-0.0000001101505436191251684
-0.0000001144906054293879198
-0.0000001183774095365346933
-0.0000001218378684198889556
-0.0000001249010578890435410
-0.0000001275977656617574834
-0.0000001300054123042486933
-0.0000001323603667918622300
-0.0000001347688428247760877
-0.0000001372919966028717246
-0.0000001399503385947194225
-0.0000001427404481403327694
-0.0000001456479215171898601
-0.0000001486548498571784811
-0.0000001517435072722940111
-0.0000001548979118528898457
-0.0000001581043196687425339
-0.0000001613512308814297249
-0.0000001646291993412822984
-0.0000001679305855149620184
-0.0000001712493188584049097
-0.0000001745806829605222907
-0.0000001779211279586272679
-0.0000001812680985283797518
-0.0000001846198639401261041
-0.0000001879753635141435005
-0.0000001913340613731636149
-0.0000001946958246583325440
-0.0000001980608285392791437
-0.0000002014294864695964550
-0.0000002048024066127735186
-0.0000002081803628863272473
-0.0000002115642779089351739
-0.0000002149552100442441329
-0.0000002183543422609978180
-0.0000002217629723303478022
-0.0000002251825041589831471
-0.0000002286144401105755120
-0.0000002320603742892840737
-0.0000002355219866979067470
-0.0000002390010383144335220
-0.0000002424993672015106612
-0.0000002460188857368620260
-0.0000002495615788101000073
-0.0000002531295025541647256
-0.0000002567247819630911424
-0.0000002603496058025019057
-0.0000002640062194474105737
-0.0000002676969150389317262
-0.0000002714240221794414511
-0.0000002751899003757988981
-0.0000002789969318920595590
-0.0000002828475141728854629
-0.0000002867440491934765748
-0.0000002906889271625696470
-0.0000002946845014767303767
-0.0000002987330524002492022
-0.0000003028367430998525531
-0.0000003069975634679653582
