6.0000000000000000000000000
0.0000005061739886232656887
0.0000004246140635795006712
0.0000003445067630184191711
0.0000002658528369737581080
0.0000001886532163731569549
0.0000001129090393815006397
0.0000000386216133816235797
-0.0000000342076455102772580
-0.0000001055772824103065418
-0.0000001754858751689413140
-0.0000002439320986711499190
-0.0000003109147812475746559
-0.0000003764329531975408498
-0.0000004404858923235064165
-0.0000005030731437427481403
-0.0000005641945062425562608
-0.0000006238499945285255263
-0.0000006820398023144665481
-0.0000007387642729194814927
-0.0000007940238810963624471
-0.0000008478192242260609391
-0.0000009001510210463896336
-0.0000009510201159990331110
-0.0000010004274895059273424
-0.0000010483742776796693619
-0.0000010948618050932555030
-0.0000011398916325222707901
-0.0000011834655792506312778
-0.0000012255856309078597941
-0.0000012662538255155795893
-0.0000013054723214242422797
-0.0000013432434245979966671
-0.0000013795695912479261299
-0.0000014144534303468257050
-0.0000014478977059527597863
-0.0000014799053392482143246
-0.0000015104794101758934199
-0.0000015396231585193832251
-0.0000015673399842349387750
-0.0000015936334467866152156
-0.0000016185072631667858990
-0.0000016419653041921981717
-0.0000016640115885442177943
-0.0000016846502738595339608
-0.0000017038856439583047178
-0.0000017217220909968693159
-0.0000017381640909172912679
-0.0000017532161699845158162
-0.0000017668828593762617211
-0.0000017791686092018094107
-0.0000017900775606907898211
-0.0000017996132049435412687
-0.0000018077780905058686286
-0.0000018145736034782879756
-0.0000018199997129341919551
-0.0000018240545409404832166
-0.0000018267337175549546359
-0.0000018280294266946649819
-0.0000018279290044805887834
-0.0000018264128484683374491
-0.0000018234512252424919633
-0.0000018189993746876985606
-0.0000018129899890294395270
-0.0000018053216156855997475
-0.0000017958409013047218548
-0.0000017843163382146421555
-0.0000017704032002351761421
-0.0000017536093730946513189
-0.0000017333008739389113323
-0.0000017088359169997041801
-0.0000016770047528530653846
-0.0000016419038981146330552
-0.0000016035983916953752710
-0.0000015623008668545614010
-0.0000015183475761021423618
-0.0000014721469129989779313
-0.0000014241172958997296241
-0.0000013746360273701619412
-0.0000013240146876525386883
-0.0000012725062837411708956
-0.0000012203378966121107136
-0.0000011677502225457889840
-0.0000011150258579677385359
-0.0000010624910249337856802
-0.0000010104947131262662365
-0.0000009593821865687064381
-0.0000009094666923087618476
-0.0000008610044305392605313
-0.0000008141756727027368866
-0.0000007690738601521926732
-0.0000007257029568323788761
-0.0000006839830230739265690
-0.0000006437648190872033651
-0.0000006048548396829896616
-0.0000005670569210917124375
-0.0000005302328116130757073
-0.0000004960148554237259968
-0.0000004618398435285692299
-0.0000004276702889958467396
-0.0000003934744007155807546
-0.0000003592352484723451702
-0.0000003249670227737345024
-0.0000002907429545289394550
-0.0000002567396082569471953
-0.0000002232952716902600584
-0.0000001909513083711033778
-0.0000001634767680240194531
-0.0000001376750683545514238
-0.0000001135306085603767949
-0.0000000909989033938967095
-0.0000000722330273519134841
-0.0000000545444251401823531
-0.0000000379154240810762221
-0.0000000223512284475741409
-0.0000000078669394320502683
0.0000000055195658194671420
0.0000000177909632512158456
0.0000000289317767516094963
0.0000000389287053637740414
0.0000000477705376591089795
0.0000000554479195946435179
0.0000000619530921016318456
0.0000000672796461646350979
0.0000000728849907744541059
0.0000000770417954257176940
0.0000000797408615761157303
0.0000000809489102177189634
0.0000000796731371470685130
0.0000000765143496175717233
0.0000000714982754736023799
0.0000000648197662119944190
0.0000000567492335669569229
0.0000000475606277667963501
0.0000000374879915225856440
0.0000000267078147122971537
0.0000000153389681293032742
0.0000000034516789610687679
-0.0000000089206465054318990
-0.0000000217702281317271318
-0.0000000351057894687726887
-0.0000000489457715800326478
-0.0000000633136028049035063
-0.0000000782345746650550673
-0.0000000937338846185725841
-0.0000001112269803169847172
-0.0000001296540789672829814
-0.0000001471976151908833467
-0.0000001654068353879915979
-0.0000001841930726882326497
-0.0000002033870262846917524
-0.0000002228067901071040311
-0.0000002423020083987674653
-0.0000002617744123191000332
-0.0000002811795870381992979
-0.0000003038370606235128925
-0.0000003269119177274526733
-0.0000003503529805835189534
-0.0000003740817301372190736
-0.0000003979862718075704811
-0.0000004219244599535115904
-0.0000004457352204623984537
-0.0000004692578369755613491
-0.0000004923562312862491556
-0.0000005149426776626345632
-0.0000005369911358420037229
-0.0000005585365926680089302
-0.0000005796638620048253588
-0.0000006004922496931522116
-0.0000006211580218806667787
-0.0000006417998202854209057
-0.0000006625501301392575720
-0.0000006835320212759761514
-0.0000007048589103745038021
-0.0000007266344469933634708
-0.0000007489503858679440334
-0.0000007718833707736821136
-0.0000007954935744488227800
-0.0000008198262114190568150
-0.0000008449145952896286812
-0.0000008707827567135655533
-0.0000008974462619747211211
-0.0000009249131637742604565
-0.0000009603442935603110148
-0.0000009969388442810372941
-0.0000010344972024862716826
-0.0000010727965759668918030
-0.0000011041391807912680857
-0.0000011362064704003255462
-0.0000011690479905445193295
-0.0000012027217173715677781
-0.0000012372813457099122701
-0.0000012727691638953366577
-0.0000013092137714299337833
-0.0000013466299587741931846
-0.0000013850195255338699058
-0.0000014243720108404349585
-0.0000014646637002503939133
-0.0000015058569224652714564
-0.0000015478989920758873560
-0.0000015907192950209645713
-0.0000016342261628372530956
-0.0000016783042940636337727
-0.0000017228129884981391689
-0.0000017675856857292471713
-0.0000018124312852353388797
-0.0000018571376110489188343
-0.0000019014769734254429792
-0.0000019452134777149501226
-0.0000019881114358313485941
-0.0000020299441456301050355
-0.0000020705022721022695945
-0.0000021096012144031847719
-0.0000021470867726316066684
-0.0000021828386765259106785
-0.0000022167719004487578707
-0.0000022488359516139926258
-0.0000022790124816149475845
-0.0000023073116766202690162
-0.0000023337678318050140640
-0.0000023584346009947625741
-0.0000023813802178953514120
-0.0000024026828961919572424
-0.0000024224267585799581245
-0.0000024406984696578740154
-0.0000024575844852501118136
-0.0000024731687199429221809
-0.0000024875309487571609900
-0.0000025007463871409059086
-0.0000025128852345641308453
-0.0000025240108169587872477
-0.0000025341774925863961511
-0.0000025434284464685503892
-0.0000025517957262995644522
-0.0000025593029756820610978
-0.0000025659688685981698137
-0.0000025718104074334562390
-0.0000025768462288622998935
-0.0000025810996571959158330
-0.0000025845999624090922076
-0.0000025873823094148658153
-0.0000025894883884338572216
-0.0000025909672583939832658
-0.0000025918748435397556779
-0.0000025905014706606294253
-0.0000025882672770935658506
-0.0000025853827896327700200
-0.0000025820300992843032555
-0.0000025807347468881324276
-0.0000025767565247419791468
-0.0000025724707268063536000
-0.0000025679053520382062125
-0.0000025630831879743417536
-0.0000025580188649152815026
-0.0000025527194446506135762
-0.0000025471861399921747465
-0.0000025414161424718221638
-0.0000025354041761726107164
-0.0000025291436773909654194
-0.0000025226276252924808388
-0.0000025158490906657912959
-0.0000025088015739458487710
-0.0000025027844451540678808
-0.0000024962083923291674590
-0.0000024890547131852503018
-0.0000024813066054400090473
-0.0000024729552563297463066
-0.0000024639999491003062387
-0.0000024544450432907510239
-0.0000024442964897628428612
-0.0000024335586638476300611
-0.0000024222319918644487664
-0.0000024103115453913600137
-0.0000023977866466618166886
-0.0000023846414480919899046
-0.0000023708563615703687168
-0.0000023564100252997677659
-0.0000023412811531345169435
-0.0000023258973905381307225
-0.0000023095638755957282415
-0.0000022922460746716771171
-0.0000022739322372851315087
-0.0000022546488709341947682
-0.0000022344799710229146057
-0.0000022135870615742835113
-0.0000021922232872023060219
-0.0000021707304509001122148
-0.0000021495059419762230232
-0.0000021289314342412107964
-0.0000021092693587502182339
-0.0000020905503874252707483
-0.0000020718730005746435758
-0.0000020532536674873095492
-0.0000020346417635926955846
-0.0000020160298867282870187
-0.0000019982491643701625312
-0.0000019804415172163875513
-0.0000019626150677383338246
-0.0000019447794897876995869
-0.0000019269462454481131100
-0.0000019091288319835523619
-0.0000018913430238865606940
-0.0000018736070839528302342
-0.0000018559419009643555252
-0.0000018383709881487231573
-0.0000018209202352922139076
-0.0000018036172529335845580
-0.0000017864900753468524336
-0.0000017695648865849239623
-0.0000017528622878707018786
-0.0000017363914034251398718
-0.0000017201407256619421455
-0.0000017047491112228926105
-0.0000016896400938455440231
-0.0000016739652033054367620
-0.0000016583720142291755567
-0.0000016428715397140783850
-0.0000016274859456407101521
-0.0000016122560169054622457
-0.0000015972509719033615522
-0.0000015825774248167779362
-0.0000015683772112913349839
-0.0000015554111528861086677
-0.0000015426609335078031546
-0.0000015301258902744872445
-0.0000015178194145180250352
-0.0000015057671809695446204
-0.0000014940034794038210830
-0.0000014825675166027405018
-0.0000014714993454472671393
-0.0000014608361867427655527
-0.0000014506104088313884490
-0.0000014408491315129183252
-0.0000014315749998520973861
-0.0000014228074725264144147
-0.0000014145637239199158851
-0.0000014068598220968725928
-0.0000013997122886409843673
-0.0000013931393442315561982
-0.0000013871618306545733596
-0.0000013818037499863673187
-0.0000013770922569698535544
-0.0000013730569591003741135
-0.0000013697281180935788494
-0.0000013671333444435626143
-0.0000013652926545527200313
-0.0000013642115195043667900
-0.0000013638725856207251756
-0.0000013642269461141763554
-0.0000013651860917564702149
-0.0000013666158310948135947
-0.0000013683333564094224498
-0.0000013701086326925792341
-0.0000013716714081794943007
-0.0000013727248006914772201
-0.0000013729643872301650163
-0.0000013721003677908046956
-0.0000013698791968348991244
-0.0000013661015503175126774
-0.0000013606349537969171798
-0.0000013534195015977017534
-0.0000013444659308975348259
-0.0000013338466756914493581
-0.0000013216827954095568822
-0.0000013081295562106516731
-0.0000012933634278164571484
-0.0000012775721382328294496
-0.0000012609481367985790494
-0.0000012436833466123112150
-0.0000012259641419286103073
-0.0000012079658509220465197
-0.0000011898480914568816182
-0.0000011717514445943102822
-0.0000011537954821048086715
-0.0000011360774101202839932
-0.0000011186728215375488799
-0.0000011016386392797712200
-0.0000010850169227411165219
-0.0000010688386033628144882
-0.0000010531257784599565111
-0.0000010378921078251213744
-0.0000010231415867644610764
-0.0000010088666317553288873
-0.0000009950465275862375456
-0.0000009816469437144360610
-0.0000009686208179569087374
-0.0000009559106256482198409
-0.0000009434518203427961185
-0.0000009311772058018012588
-0.0000009190220107911310148
-0.0000009069294732693678357
-0.0000008948565625082781903
-0.0000008827793959534624750
-0.0000008706973719447208074
-0.0000008586341620347483253
-0.0000008466331249272132529
-0.0000008347452937067714963
-0.0000008230110020194943484
-0.0000008114398855429658259
-0.0000007999968372192911434
-0.0000007886004358183388033
-0.0000007771358187507125490
-0.0000007654754435770084615
-0.0000007534956405840381413
-0.0000007410819849173922285
-0.0000007281233248035890230
-0.0000007144973103513426838
-0.0000006978273935186948812
-0.0000006806543707063885992
-0.0000006628881173876964303
-0.0000006445543345963981048
-0.0000006278360873869422089
-0.0000006085639928363547402
-0.0000005889522619173139566
-0.0000005690270600512777697
-0.0000005488188798146260195
-0.0000005283619634990118599
-0.0000005076929395008366412
-0.0000004868482094575481499
-0.0000004658594726533684006
-0.0000004447467760047459389
-0.0000004235090388177807335
-0.0000004021141528475773964
-0.0000003804967319785667342
-0.0000003585857386282380717
-0.0000003323616670897854444
-0.0000003046328992961401650
-0.0000002754473127985280671
-0.0000002448252541392278033
-0.0000002127659860291867864
-0.0000001792520224288703271
-0.0000001442477218971752358
-0.0000001076995520389458282
-0.0000000695393224941284372
-0.0000000296912231955396297
0.0000000119173490772645063
0.0000000553418423763713835
0.0000001006050268730659175
0.0000001476825935250921011
0.0000001964931957515528827
0.0000002468956943015597876
0.0000002986950438610644841
0.0000003516562833288988998
0.0000004055243492770673830
0.0000004600459774509277418
0.0000005149894884000871486
0.0000005701585800646145870
0.0000006253972919870148778
0.0000006805882054031314431
0.0000007356453783955488903
0.0000007904989165554135620
0.0000008450738806117369110
0.0000008992774678625059228
0.0000009530048329312893019
0.0000010061509948088676535
0.0000010586132045153337368
0.0000011102897669333652149
0.0000011610785982713830710
0.0000012108758507245420120
0.0000012595749934341363631
0.0000013070665379762903885
0.0000013532386719160847767
0.0000013979786797463709705
0.0000014411745808016351289
0.0000014827172355236456747
0.0000015225032368089244259
0.0000015604391328813060081
0.0000015964464053604713487
0.0000016304665007276791466
0.0000016624653546716059301
0.0000016924353742201659726
0.0000017203937471905150228
0.0000017463771581681773979
0.0000017704342416528595748
0.0000017926184626998307443
0.0000018129823604468198425
0.0000018315731753206296695
0.0000018484297868839868839
0.0000018635805883236181798
0.0000018770427222350806065
0.0000018888241200790388264
0.0000018989274606970742561
0.0000019073549516573482861
0.0000019141135927543232710
0.0000019192201727442405142
0.0000019227051048812934354
0.0000019246145918931308669
0.0000019250107402331443245
0.0000019239699486026156203
0.0000019215797422287932829
0.0000019179344187904342136
0.0000019131308552551548685
0.0000019072649961401594000
0.0000019004296447925134700
0.0000018927137383162083769
0.0000018842029242533377242
0.0000018749800287514662637
0.0000018651246408557160522
0.0000018547114760430253795
0.0000018438080750571160632
0.0000018324727386114333033
0.0000018207542132788900760
0.0000018086932653608120706
0.0000017963256610044707214
0.0000017836854133156060541
0.0000017708074079005520125
0.0000017577291489988775629
0.0000017444917084625191390
0.0000017311401059874442613
0.0000017177233730691647515
0.0000017042944170407051262
0.0000016909098244423257289
0.0000016776296133636064623
0.0000016645170336716822666
0.0000016516384437871600014
0.0000016390632329113874785
0.0000016268631902237701452
0.0000016151113808472512613
0.0000016038811037303342174
0.0000015932449511815294885
0.0000015832736840562660547
0.0000015740348863831636214
0.0000015655913471785534281
0.0000015579994052289665718
0.0000015513079463286063255
0.0000015455578461697907707
0.0000015407822370958754196
0.0000015370071368604494301
0.0000015342520856170455127
0.0000015325307020027474882
0.0000015318510765721994304
0.0000015322160689165107939
0.0000015336235084957939646
0.0000015360663233352030373
0.0000015395327139787686101
0.0000015440063908376859923
0.0000015494668309116250387
0.0000015558895578226031660
0.0000015632464159943686549
0.0000015715058302911437352
0.0000015806330199760633613
0.0000015905901505551463654
0.0000016013363298401114065
0.0000016128275674472426991
0.0000016250168054787535892
0.0000016378539457563664699
0.0000016512859140806266438
0.0000016652567674913703198
0.0000016797078104718720435
0.0000016945777171066173087
0.0000017098026581708239183
0.0000017253164259674253355
0.0000017410505636942941335
0.0000017569345160235179959
0.0000017728958185068624746
0.0000017888603870068303874
0.0000018047529982363918941
0.0000018204980343365897619
0.0000018360205987067526950
0.0000018512480825131523466
0.0000018661121613066157390
0.0000018805511536039584084
0.0000018945125623783027727
0.0000019079555672107261863
0.0000019208531780688556114
0.0000019331937308335188469
0.0000019449814274705810964
0.0000019562356985189196055
0.0000019669893042549782281
0.0000019772853182109476286
0.0000019871732873293712874
0.0000019967050027124512890
0.0000020059303266629644633
0.0000020148935562735695071
0.0000020236308448767240597
0.0000020321691200059495618
0.0000020405271183777890786
0.0000020487184861247953806
0.0000020567549626729111811
0.0000020646484336633575936
0.0000020724117759070862002
0.0000020800590761014614071
0.0000020876057087592804254
0.0000020950684341510299081
0.0000021024654900325249576
0.0000021098167666573680266
0.0000021171438055873110491
0.0000021244688842672972799
0.0000021318139540780384944
0.0000021391998616214240441
0.0000021466457907391715564
0.0000021541689309266991574
0.0000021617842048796709025
0.0000021695042200286295016
0.0000021773392828181854172
0.0000021852975755069664292
0.0000021933853215481726675
0.0000022016068924492017228
0.0000022099648511947494897
0.0000022184601101855658104
0.0000022270920573329111758
0.0000022358588744718466413
0.0000022447575167267561022
0.0000022537835578195859972
0.0000022629308948528635136
0.0000022721913908925731767
0.0000022815545517272140854
0.0000022910072390092367507
0.0000023005334641236728319
0.0000023101142916963212012
0.0000023197279343464867716
0.0000023293499475361116133
0.0000023389534834182609502
0.0000023485095082079718071
0.0000023579868786237365974
0.0000023673521822698735446
0.0000023765693644312859637
0.0000023855992296014680735
0.0000023943989145126463407
0.0000024029214324686723620
0.0000024111153961624020853
0.0000024189250541488803080
0.0000024262907470217725183
0.0000024331500696596272105
0.0000024394413285450033237
0.0000024451114664157351853
0.0000024487116811514607914
0.0000024512238167771941551
0.0000024528498446501952096
0.0000024537679364134150355
0.0000024541128855274838187
0.0000024539794996736020950
0.0000024534319444027302099
0.0000024525125652580269576
0.0000024512486053763997944
0.0000024511778022103755387
0.0000024506668868138538663
0.0000024497056786863250444
0.0000024482777125998110973
0.0000024463571289571844017
0.0000024439067213846314558
0.0000024408776674210086051
0.0000024372124616385678997
0.0000024328525822030289000
0.0000024277513772174795041
0.0000024218904693876904713
0.0000024152953112023735546
0.0000024080432780250236176
0.0000024002583997197777779
0.0000023920915120526401927
0.0000023836915668459240174
0.0000023751787234500706825
0.0000023666284859857331303
0.0000023580697492069591411
0.0000023494933344351389048
0.0000023408650707630674513
0.0000023321386039223193914
0.0000023232654007276725720
0.0000023142015041979111138
0.0000023049111627777661834
0.0000022953677412720714864
0.0000022855528629043132134
0.0000022754548484483808815
0.0000022650672679526300881
0.0000022543877678813819914
0.0000022434171214663371054
0.0000022321584445105355744
0.0000022206165596825645599
0.0000022087974793631079825
0.0000021967080519759832898
0.0000021843557498599646966
0.0000021717485654652698881
0.0000021588949709888804267
0.0000021458038679048429551
0.0000021324844554768968691
0.0000021189459524434484148
0.0000021051971004953120912
0.0000020912455091911382816
0.0000020770970728753170225
0.0000020627559225750408807
0.0000020482250744473551995
0.0000020335068215402661596
0.0000020186031032187025998
0.0000020035160490784475836
0.0000019882486910484642564
0.0000019728057663912397953
0.0000019571945666907351035
0.0000019414257692684644910
0.0000019255141752315236371
0.0000019094792544674228665
0.0000018933454432556188038
0.0000018771422706686224123
0.0000018609042644099451562
0.0000018446707147841282137
0.0000018284852567988128771
0.0000018123951666026728796
0.0000017964504273301536796
0.0000017807025321094650625
0.0000017652030637241787039
0.0000017500019878240240202
0.0000017351456092641233781
0.0000017206743325322034594
0.0000017066209511427110494
0.0000016930100140612339592
0.0000016798576614469717103
0.0000016671716530183387727
0.0000016549516388444841644
0.0000016431896326560728373
0.0000016318707816429545345
0.0000016209746457199712857
0.0000016104778572891919911
0.0000016005696913803688624
0.0000015907701003234730303
0.0000015812237861849145876
0.0000015720732553589236698
0.0000015634187366290349633
0.0000015553192677748577674
0.0000015478043794507883198
0.0000015408851874661797102
0.0000015345623236343797216
0.0000015288309884225917747
0.0000015236840261210723373
0.0000015191137238392013941
0.0000015151127425166966225
0.0000015116744646627202486
0.0000015087930299262998545
0.0000015064632550730907972
0.0000015046805316288749183
0.0000015034407322414226307
0.0000015027401325667049820
0.0000015012458698042215426
0.0000015001799447716768059
0.0000014995687563074288753
0.0000014994567512048345114
0.0000014998971807358221453
0.0000015029847787414614046
0.0000015071128817157860083
0.0000015121632528706274738
0.0000015179410366208415848
0.0000015242370266158933332
0.0000015308703422566802248
0.0000015359132543890032611
0.0000015414442119637108289
0.0000015474578360417891640
0.0000015539555800749682196
0.0000015609472804879931952
0.0000015684508305163422177
0.0000015764887198766097651
0.0000015850800139931227287
0.0000015942285068372361469
0.0000016039107816939438597
0.0000016140682434279534761
0.0000016246057515868386989
0.0000016353982715215798283
0.0000016463046086245868532
0.0000016571846804976495415
0.0000016679176040617813784
0.0000016784170670970628474
0.0000016886383462181999166
0.0000016985766293264045245
0.0000017082596759195855120
0.0000017177384611427891650
0.0000017270778797136426881
0.0000017363485070018563696
0.0000017456194922638918907
0.0000017549525631471405364
0.0000017643983062427651412
0.0000017759988380481799106
0.0000017882359623878287459
0.0000018011571544222313285
0.0000018147991618768605759
0.0000018291750401075163063
0.0000018442543696634273660
0.0000018599364290376299488
0.0000018760210722078603076
0.0000018921936299605793421
0.0000019080603669692199959
0.0000019203495890930705558
0.0000019325644050930091738
0.0000019447182874183827585
0.0000019568541135667786967
0.0000019690422138979259050
0.0000019813746376011147179
0.0000019939569994730381112
0.0000020068999092485171293
0.0000020203118604534546288
0.0000020342942104309378707
0.0000020489381073719184469
0.0000020643223827249894326
0.0000020805110562424399992
0.0000020975496352663164610
0.0000021154594849115953860
0.0000021342299130525903922
0.0000021538083569806734180
0.0000021740898382262016864
0.0000021949080500626331355
0.0000022160313844162683757
0.0000022371669451221076310
0.0000022579750159592333890
0.0000022780919858784780796
0.0000022971550871324052552
0.0000023148217774432383244
0.0000023307841605719754282
0.0000023447791603499281372
0.0000023565964373882889142
0.0000023660838635128531502
0.0000023731497163981602451
0.0000023777613327422497231
0.0000023799405883640608261
0.0000023797567738734852201
0.0000023773177678049123892
0.0000023727604298933409736
0.0000023662408112730421510
0.0000023579248498394034510
0.0000023479830397644580325
0.0000023365908533326395374
0.0000023170471628587082253
0.0000022969391317365702660
0.0000022768183098277538246
0.0000022570590287137315444
0.0000022428231287931235153
0.0000022281875524711661630
0.0000022132237734700660063
0.0000021979834677724794586
0.0000021825000570115369694
0.0000021667902830942618064
0.0000021508562185735512308
0.0000021346874979098670544
0.0000021182638885777128781
0.0000021015579968050929739
0.0000020845379692370769991
0.0000020671700506092850630
0.0000020494208180662381287
0.0000020312588821333696387
0.0000020126558211826507493
0.0000019935860616282871168
0.0000019740256000318981777
0.0000019539497335015484651
0.0000019333303499941393398
0.0000019121337407212450320
0.0000018903205311921553228
0.0000018678498153054778835
0.0000018446890812165104999
0.0000018208291945980973964
0.0000017962997046891886184
0.0000017711762682135384586
0.0000017455734945496371930
0.0000017196238922324737762
0.0000016934518693156156632
0.0000016671538156122086976
0.0000016407904043468156816
0.0000016143902637100688777
0.0000015879601218435505321
0.0000015614962489134260844
0.0000015349941395386984905
0.0000015084544884277477332
0.0000014818833413498574050
0.0000014561502808588615334
0.0000014303566224330444097
0.0000014044906133583262758
0.0000013785392912786837164
0.0000013524885194895580814
0.0000013263231250618124819
0.0000013000272162984006953
0.0000012735847972249386885
0.0000012469808540997824803
0.0000012202031573193546067
0.0000011932450816132736828
0.0000011661097332399392233
0.0000011388154631076437882
0.0000011114022041790676492
0.0000010839367368786560443
0.0000010565128230128439829
0.0000010292397799481191455
0.0000010022121409433377408
0.0000009750742336067737573
0.0000009481451145701387644
0.0000009214057348862311175
0.0000008948345332743341776
0.0000008684170242856238982
0.0000008424960661468571995
0.0000008167932963148983572
0.0000007913975868431321329
0.0000007664351078650335205
0.0000007420764728434332148
0.0000007185275325961802323
0.0000006943878039270071352
0.0000006705083841767068499
0.0000006468222462302991650
0.0000006232482085248641612
0.0000005996993334318978306
0.0000005760950093668227362
0.0000005523735106135229469
0.0000005285008737730433402
0.0000005044727057245360836
0.0000004803087038814927864
0.0000004560454345750827139
0.0000004317304989659580889
0.0000004074183168450682119
0.0000003831678238029271477
0.0000003590421321948289290
0.0000003351089454329834157
0.0000003114425371193570335
0.0000002881261820632620259
0.0000002652521183545755915
0.0000002429169527822581824
0.0000002212140689740285374
0.0000002002264284918716617
0.0000001800228337668920365
0.0000001606576658440555048
0.0000001421721366357688759
0.0000001245953909576149218
0.0000001079458283051568184
0.0000000922327145454689398
0.0000000774579738676935094
0.0000000636180302446488808
0.0000000507055982711627172
0.0000000387113199256972486
0.0000000276252036962631103
0.0000000174376742581779211
0.0000000081401392100943482
-0.0000000002749486104938848
-0.0000000078144188180880023
-0.0000000144848604266027064
-0.0000000202930788661539122
-0.0000000252466366726189910
-0.0000000293545753044206839
-0.0000000326283141224064123
-0.0000000350828219851924745
-0.0000000367381199402560197
-0.0000000376212916412422230
-0.0000000377689882971250049
-0.0000000372301933487840820
-0.0000000360687204873070017
-0.0000000343646201647863308
-0.0000000322138660525195203
-0.0000000297257159830794810
-0.0000000270177043345713925
-0.0000000242081290153017682
-0.0000000214067718122772474
-0.0000000187064775941139174
-0.0000000161768595559963520
-0.0000000138615174160249389
-0.0000000117784242884571173
-0.0000000099231634077935284
-0.0000000082744835769916458
-0.0000000068010589976489639
-0.0000000054685581338056158
-0.0000000042465889866338031
-0.0000000031151059696025141
-0.0000000020702468652942355
-0.0000000011274293535493258
-0.0000000013863434527456847
-0.0000000013121293559022880
-0.0000000008392162961921967
0.0000000000722361438393840
0.0000000013037296795815378
0.0000000022805971900190684
0.0000000029341637463897811
0.0000000031956702694111878
0.0000000029991198944074458
0.0000000022834032941214536
0.0000000009941022495516011
-0.0000000009155985281157592
-0.0000000034843318931717290
-0.0000000067424286897010764
-0.0000000107122482678867575
-0.0000000154085878220524632
-0.0000000208391379436474041
-0.0000000270045925634546594
-0.0000000338983167163762937
-0.0000000415056215443677228
-0.0000000498028834702548104
-0.0000000587569294584262436
-0.0000000683250765295555844
-0.0000000784560965168679635
-0.0000000890921960361720896
-0.0000001001719418565132738
-0.0000001116338250478083190
-0.0000001234200403141309984
-0.0000001354800024537675937
-0.0000001477731629733486028
-0.0000001602708000523436537
-0.0000001729565807546534065
-0.0000001858255089659833998
-0.0000001988810292192538616
-0.0000002121300249131546043
-0.0000002255759189865280783
-0.0000002392115876155940279
-0.0000002530147404206339172
-0.0000002669501014321536030
-0.0000002809784318721105669
-0.0000002950640829945456746
-0.0000003091663740977263044
-0.0000003232391020002352101
-0.0000003372333430781951301
-0.0000003510993947687596246
-0.0000003647879610076094144
-0.0000003782510602157496373
-0.0000003914428779121777455
-0.0000004043204595339925267
-0.0000004168441640361287440
-0.0000004289779867687470591
-0.0000004406898092463463569
-0.0000004519515607954577610
-0.0000004627392990666454767
-0.0000004730332147581685040
-0.0000004828175555078875227
-0.0000004920804195193198516
-0.0000005008134223391299905
-0.0000005090113732441918504
-0.0000005166720132147409343
-0.0000005237959929190042099
-0.0000005303870622687851633
-0.0000005364523237842313028
-0.0000005420024630819452467
-0.0000005470518062925991721
-0.0000005516182123682454940
-0.0000005557227840718643828
-0.0000005593894779314187539
-0.0000005626447829111415325
-0.0000005655173645999216904
-0.0000005680373918026953337
-0.0000005703053107369441380
-0.0000005725204336316483802
-0.0000005747889379864101897
-0.0000005771729836704862876
-0.0000005796939593319514042
-0.0000005823490135331955305
-0.0000005851240817308165544
-0.0000005880014581364518389
-0.0000005909635442106284377
-0.0000005939944417740526977
-0.0000005970804626462476305
-0.0000006002101421316493925
-0.0000006033740522366728808
-0.0000006065645566838375541
-0.0000006097755749249240690
-0.0000006130023692861016973
-0.0000006162413600325380572
-0.0000006194899554912509912
-0.0000006227463816598675600
-0.0000006260095269132215375
-0.0000006292787965788034548
-0.0000006325539924275960605
-0.0000006358352195899462478
-0.0000006391228184854197853
-0.0000006424173221976320877
-0.0000006457194280455826321
-0.0000006490299806931977508
-0.0000006523499592820842574
-0.0000006556804663798295866
-0.0000006590227182688307814
-0.0000006623780363710330966
-0.0000006657478396586014007
-0.0000006691336380193715627
-0.0000006725370264887163821
-0.0000006759596803872352233
-0.0000006794033514735430750
-0.0000006828698651969307261
-0.0000006863611188985366719
-0.0000006898790805356337568
-0.0000006934257863104706586
-0.0000006970033356532007685
-0.0000007006138842238793632
-0.0000007042596343934396872
-0.0000007079428263382455139
-0.0000007116657308983940487
-0.0000007154306429036956869
-0.0000007192398741641857363
-0.0000007230957436074017407
-0.0000007270005621089864708
-0.0000007309566090181695016
-0.0000007349660978330009989
-0.0000007390311342803952273
-0.0000007431536616900584454
