15.0000000000000000000000000
0.0000008836301064317444915
0.0000008388270496979199869
0.0000007947301850550738765
0.0000007513428013930993611
0.0000007086685766182331768
0.0000006667115735563499350
0.0000006254761562583736284
0.0000005849669076915860230
0.0000005451885528325360464
0.0000005061458882299181224
0.0000004678437200105747104
0.0000004302868085816856212
0.0000003934798171724857906
0.0000003574272555307209738
0.0000003221334270740053518
0.0000002876023802127234429
0.0000002538378693462195300
0.0000002208433274089876179
0.0000001886218428266329685
0.0000001571761380962567993
0.0000001265085480051762577
0.0000000966209965383895740
0.0000000675149718184319071
0.0000000391914990947452081
0.0000000116511129565320402
-0.0000000151061685166768037
-0.0000000410808585283830404
-0.0000000662739819074891023
-0.0000000906869644555819763
-0.0000001143214667327616694
-0.0000001371794797794773623
-0.0000001592633676192520989
-0.0000001805758679897215325
-0.0000002011200895043418618
-0.0000002208995059119092691
-0.0000002399179466897923523
-0.0000002581795830253550007
-0.0000002756889080153719655
-0.0000002924507096339004848
-0.0000003084700343550491326
-0.0000003237521340381474350
-0.0000003383023773076994338
-0.0000003521261216036419754
-0.0000003652285514823469155
-0.0000003776144702178970220
-0.0000003892880095073432392
-0.0000004002522581033222824
-0.0000004105087961488278326
-0.0000004200571790224281104
-0.0000004288943859879338035
-0.0000004370142167058417276
-0.0000004444065878638912332
-0.0000004510566205118298607
-0.0000004569433252404813410
-0.0000004620376205700468960
-0.0000004662993055751237840
-0.0000004696726175986311784
-0.0000004720801812277028884
-0.0000004734164310243044298
-0.0000004735457519375026246
-0.0000004723200344614484630
-0.0000004690199045700935362
-0.0000004644923494317677887
-0.0000004587110169775701368
-0.0000004516475152481245207
-0.0000004432717584046545282
-0.0000004335535517178126496
-0.0000004224657300919085995
-0.0000004099890875828984321
-0.0000003961189834553649583
-0.0000003808732167525675594
-0.0000003643006533943325220
-0.0000003464887154940959423
-0.0000003275672919167270111
-0.0000003077058744632776383
-0.0000002871020184979152797
-0.0000002659621130370630077
-0.0000002444784596697614431
-0.0000002228084271500663452
-0.0000002010610186106756184
-0.0000001792934380381950881
-0.0000001575169874012259275
-0.0000001357094920129593120
-0.0000001138309567003136005
-0.0000000918405403094658503
-0.0000000697136612502882957
-0.0000000474547984890541380
-0.0000000250923760032747763
-0.0000000054072470944276815
0.0000000147957070184577659
0.0000000356110694652635703
0.0000000571441197067422289
0.0000000808778216977311386
0.0000001046458885947874622
0.0000001284039501953635635
0.0000001520986776134399850
0.0000001756663067189944190
0.0000001990324544489506339
0.0000002221140969044829077
0.0000002448237710907254994
0.0000002670757065481511458
0.0000002887916014693180511
0.0000003099048964755038764
0.0000003303630738470945475
0.0000003501275776141818673
0.0000003691715531672659635
0.0000003874765799663097488
0.0000004050297861760948004
0.0000004218217906845931867
0.0000004378454168933207181
0.0000004530945878134267620
0.0000004675632344546348936
0.0000004812441523282842550
0.0000004941279038920378805
0.0000005062021168694529227
0.0000005174519626831098784
0.0000005278607849817674093
0.0000005374094408900860168
0.0000005460759146695140368
0.0000005538361809387752460
0.0000005606668748585267542
0.0000005665493762447217553
0.0000005714708498230230346
0.0000005754233170933190116
0.0000005784026449551811613
0.0000005804084007063072773
0.0000005814449155141023450
0.0000005815222326451555934
0.0000005806561733689239831
0.0000005788674461865391488
0.0000005761797612021478490
0.0000005726173274036504738
0.0000005682026811098310599
0.0000005629554400569600892
0.0000005568917884425948121
0.0000005500236081736215410
0.0000005423566064331233268
0.0000005338877503495926416
0.0000005246041209033809031
0.0000005144839966272536014
0.0000005035000930459632324
0.0000004916220100128937371
0.0000004788135006605657657
0.0000004650311693641239340
0.0000004502296022684207848
0.0000004343768854076710603
0.0000004174672753533471065
0.0000003995241003314423678
0.0000003805974696060354877
0.0000003607574188562648254
0.0000003400868156358223806
0.0000003186728444940284467
0.0000002965994677142935351
0.0000002739429894420196633
0.0000002507705416778827626
0.0000002271406911189269988
0.0000002031050215555008179
0.0000001787095628294875493
0.0000001539960556035812115
0.0000001290028079280600083
0.0000001037654299846279678
0.0000000783165818590723439
0.0000000526849892497781756
0.0000000268932822413436900
0.0000000009563192936486949
-0.0000000251188147183123795
-0.0000000513305157372699569
-0.0000000776774402909361596
-0.0000001041487647840425407
-0.0000001307086044496263458
-0.0000001572743077082099758
-0.0000001836922519869592286
-0.0000002097186622048816179
-0.0000002350164531123587025
-0.0000002591786720406977318
-0.0000002817820155251206463
-0.0000003024604028515088801
-0.0000003209755193786248430
-0.0000003372583605813861274
-0.0000003514062094584869773
-0.0000003571950411711720772
-0.0000003616163130748789276
-0.0000003652135910534005858
-0.0000003682061583067170615
-0.0000003706542812500274684
-0.0000003725551899957322419
-0.0000003738854515605748060
-0.0000003746171979141791005
-0.0000003792227242394279032
-0.0000003827354644824172469
-0.0000003850426027140322320
-0.0000003859638315475829479
-0.0000003852492426062712852
-0.0000003825854762757391225
-0.0000003776113681369489656
-0.0000003699484237087749332
-0.0000003592493542925253992
-0.0000003452621143990486579
-0.0000003278986881425840438
-0.0000003072890692043712146
-0.0000002837997683309636640
-0.0000002580046092057190483
-0.0000002306120541219310393
-0.0000002023700702767696243
-0.0000001739764318097210903
-0.0000001460165858748184667
-0.0000001189373697330673542
-0.0000000930518383806964432
-0.0000000685636430860732445
-0.0000000455989339591877977
-0.0000000242371264980450045
-0.0000000045359552850459971
0.0000000134506222987082114
0.0000000296612262153936784
0.0000000440213883193319163
0.0000000564420488482237222
0.0000000668211029623452327
0.0000000750470522521142484
0.0000000810042738941170335
0.0000000845796482409913297
0.0000000856703194152146024
0.0000000841923435918515703
0.0000000800893727035724422
0.0000000733403711555349321
0.0000000639652745280595882
0.0000000520274828113446249
0.0000000376324292931046177
0.0000000209219333111994140
0.0000000020647823194712839
-0.0000000187551459624990474
-0.0000000413504760582696489
-0.0000000655372555434567609
-0.0000000911347503965641845
-0.0000001179629650927481499
-0.0000001458423914568112002
-0.0000001745987414430653860
-0.0000002040674676242823107
-0.0000002340964728077687603
-0.0000002645466226438276770
-0.0000002952896953374414069
-0.0000003262034370719723595
-0.0000003571634377417886043
-0.0000003880314849108632303
-0.0000004186406068555745564
-0.0000004487792705239284424
-0.0000004781777391645417235
-0.0000005065011678381013428
-0.0000005333557202162926606
-0.0000005583146784315368203
-0.0000005809673171432540786
-0.0000006009798273348980139
-0.0000006181489053375304647
-0.0000006324277280248616573
-0.0000006439168618788693755
-0.0000006528296821189418631
-0.0000006594455501347126988
-0.0000006640642779515519776
-0.0000006669686625392634859
-0.0000006683928039969410187
-0.0000006685056996110729252
-0.0000006674175530782863793
-0.0000006651975040237703378
-0.0000006618887874325908965
-0.0000006575172476120879711
-0.0000006520967257201789117
-0.0000006456318977114300572
-0.0000006381200817899264907
-0.0000006295517046455170425
-0.0000006199100891953080650
-0.0000006091711669714203071
-0.0000005973033801480065804
-0.0000005842680102241452046
-0.0000005700201872026986982
-0.0000005545116606968742220
-0.0000005376964762046075638
-0.0000005195400792495295279
-0.0000005000319734959134600
-0.0000004792013392688328946
-0.0000004571332790603064703
-0.0000004339816171719693554
-0.0000004099723246743638225
-0.0000003853913200292777559
-0.0000003605537229595316128
-0.0000003357604687017574138
-0.0000003112527041927861806
-0.0000002871802866536948579
-0.0000002635915756732962615
-0.0000002404447281654932437
-0.0000002176342702147546971
-0.0000001950234202568362188
-0.0000001724737959751815517
-0.0000001498676696941239054
-0.0000001271206922926611974
-0.0000001041847616697245027
-0.0000000810426426126705293
-0.0000000583952307843231757
-0.0000000354658800680112627
-0.0000000122369977379654344
0.0000000113083885607743021
0.0000000351824602490126762
0.0000000593843700994432526
0.0000000838862957766644665
0.0000001086159370711830419
0.0000001333861491267640511
0.0000001582338703730668646
0.0000001831293304549340945
0.0000002080456500861127673
0.0000002329559891934723553
0.0000002578330518752212803
0.0000002826495594695136927
0.0000003073786521055578520
0.0000003319941848907002822
0.0000003564708752955389136
0.0000003807842044689907104
0.0000004049099178494811975
0.0000004288228336370188613
0.0000004524943876804440422
0.0000004758881925865482545
0.0000004989563817751535893
0.0000005216428624914481555
0.0000005438927843313557644
0.0000005656584643140622782
0.0000005869024316219758417
0.0000006075985761098270701
0.0000006277318238217690966
0.0000006472969344710900011
0.0000006662970261339462853
0.0000006847423674829362973
0.0000007026498349624015763
0.0000007200431581326063448
0.0000007369539077631093227
0.0000007534230058906239901
0.0000007695024508107504979
0.0000007852567229087293970
0.0000008007634191074560751
0.0000008161126646496186798
0.0000008314050615910288149
0.0000008467486521396239208
0.0000008622554359317290460
0.0000008780371234873013225
0.0000008941997403696273473
0.0000009108397058845291477
0.0000009280428341561717004
0.0000009458835752782589473
0.0000009644235144509330156
0.0000009837092883688214619
0.0000010037724006751139176
0.0000010246311148653300253
0.0000010462933036604209991
0.0000010687593803756761291
0.0000010920247534826728215
0.0000011160815904231841418
0.0000011409198922350182979
0.0000011665279701508163326
0.0000011928924576030882018
0.0000012199979823419847392
0.0000012478266159245686760
0.0000012763571732999855502
0.0000013055644828443456872
0.0000013354187558215632089
0.0000013658851434637085251
0.0000013969235488713491427
0.0000014284887472303174792
0.0000014605308418090721033
0.0000014929960205244564407
0.0000015258275220272807701
0.0000015589667485110661153
0.0000015923544954079109387
0.0000016259322180253027276
0.0000016596432032008377345
0.0000016934335177099267847
0.0000017272525350773714263
0.0000017610528190682895087
0.0000017947895185912104069
0.0000018284198803625233766
0.0000018619034088553173439
0.0000018952024569962402283
0.0000019282830624038310003
0.0000019611156809568053203
0.0000019936749980988447309
0.0000020259393367056207123
0.0000020578902336575947279
0.0000020895134175115006793
0.0000021207995252822681803
0.0000021517434944194190494
0.0000021823428558283147625
0.0000022125946600501594963
0.0000022424931256688528619
0.0000022720287725260258724
0.0000023011885562075960004
0.0000023299568539987037317
0.0000023583174985462973805
0.0000023862575732502919545
0.0000024137722981491758085
0.0000024408702892393265203
0.0000024675772651537080010
0.0000024939368717998027956
0.0000025200072936588032726
0.0000025458538906548389205
0.0000025715399329192360225
0.0000025971192524595154182
0.0000026226307077183438635
0.0000026480953103824745866
0.0000026735162249156192049
0.0000026988807946712915100
0.0000027241638508583637592
0.0000027493314796185034921
0.0000027743442237629876572
0.0000027991594961418486414
0.0000028237328730856853100
0.0000028480178118313437880
0.0000028719637508698030925
0.0000028955130081619520887
0.0000029185967949620099532
0.0000029411309138642928344
0.0000029630115284217446312
0.0000029841113349008142186
0.0000030042772500811445216
0.0000030233311974917253986
0.0000030410754806967832582
0.0000030573033237262649192
0.0000030718135940772878818
0.0000030844270806946382084
0.0000030949998346849430750
0.0000031034279230609660169
0.0000031096379324106752492
0.0000031135684959453034802
0.0000031151598116757457919
0.0000031143577748639453577
0.0000031111149276562614299
0.0000031053897815829298104
0.0000030971469325833447659
0.0000030863581048932634378
0.0000030730041413212047817
0.0000030570777862896670744
0.0000030385870930364936633
0.0000030175591956689260799
0.0000029940439795697122652
0.0000029681170471320648375
0.0000029398814995528765328
0.0000029094681399564170796
0.0000028770339444814209573
0.0000028427586719370024800
0.0000028068396829280204315
0.0000027694853280868493044
0.0000027309078146839856149
0.0000026913171777566294563
0.0000026509163567532222880
0.0000026098961891608831453
0.0000025684332634354891870
0.0000025266936960653057000
0.0000024848385445102390622
0.0000024430249139903706179
0.0000024014028504029712248
0.0000023601142759809804859
0.0000023192934778526046484
0.0000022790681114085637637
0.0000022395605144549073389
0.0000022008890592797781432
0.0000021631693874264737965
0.0000021265153020430759837
0.0000020910392337119255665
0.0000020568520597114217047
0.0000020240621595716619841
0.0000019927735667691946840
0.0000019630831274430445939
0.0000019350766816104336872
0.0000019088243695102145660
0.0000018843758810132109383
0.0000018617580077306168843
0.0000018409755664688438745
0.0000018220156218094404633
0.0000018048540039310009981
0.0000017894615646949379045
0.0000017758092595949002793
0.0000017638721218750463873
0.0000017536320476786494952
0.0000017450793461404870481
0.0000017382125826215858583
0.0000017330355685639405893
0.0000017295523053019268223
0.0000017277606216755934625
0.0000017276449044508792695
0.0000017291690289277299742
0.0000017322710744311590579
0.0000017368610302835135018
0.0000017428224870251806022
0.0000017500179064457446536
0.0000017582967727853167554
0.0000017675052915312322181
0.0000017774944012435942284
0.0000017881245631924981192
0.0000017992669400895163556
0.0000018108011253259076195
0.0000018226113666067725467
0.0000018345833949507509509
0.0000018466030937202392370
0.0000018585580817260361581
0.0000018703417321840097426
0.0000018818585091380304598
0.0000018930276231678828412
0.0000019037839275141319749
0.0000019140754503980674844
0.0000019238591493843702703
0.0000019330964988326405545
0.0000019417499806807955451
0.0000019497808356423186278
0.0000019571479327746324767
0.0000019638073786054595990
0.0000019697125929772861858
0.0000019748145499829002849
0.0000019790621039745741855
0.0000019824022330661666310
0.0000019847801789774374011
0.0000019861394786937735403
0.0000019864223392645906299
0.0000019855703235099630863
0.0000019835250534065909311
0.0000019802289993776800927
0.0000019756267411140674915
0.0000019696668038085237899
0.0000019623042006097250510
0.0000019535033125451709053
0.0000019432398904780467079
0.0000019315023021815337092
0.0000019182913271415043744
0.0000019036191618114772794
0.0000018875082352243619235
0.0000018699900238495863367
0.0000018511040520869407655
0.0000018308970032649048402
0.0000018094219140318557116
0.0000017867374454463962826
0.0000017629071649599181239
0.0000017379988699429697505
0.0000017120839581773974188
0.0000016852368336727265577
0.0000016575343173038881937
0.0000016290551119778390844
0.0000015998792922398060149
0.0000015700877793319285374
0.0000015397616061762630241
0.0000015089810752991294059
0.0000014778250535186329733
0.0000014463705832241629791
0.0000014146929194640328369
0.0000013828659540804360304
0.0000013509629667080388451
0.0000013190576683389982210
0.0000012872254915909871377
0.0000012555451039554905535
0.0000012241001108934573785
0.0000011929808915391145362
0.0000011622865348483972401
0.0000011321266240091080886
0.0000011026224449871981935
0.0000010739071976395680647
0.0000010461247152012988662
0.0000010194264946499060443
0.0000009939670942737688764
0.0000009698980954149794348
0.0000009473609633915612889
0.0000009264795995053349294
0.0000009073536496491765167
0.0000008900536813397779144
0.0000008746191465771515794
0.0000008610594541888332772
0.0000008493577918693290356
0.0000008394771754051810358
0.0000008313678022210090873
0.0000008249747109316870023
0.0000008202448954547786731
0.0000008171335945862970151
0.0000008156099466562493092
0.0000008156606934357561116
0.0000008172909899006812836
0.0000008205209086192181980
0.0000008253799377878413647
0.0000008319018417950493036
0.0000008401201792943230337
0.0000008500646794607129816
0.0000008617574536826354798
0.0000008752098003756510412
0.0000008904200087697529743
0.0000009073722969635363689
0.0000009260370265204742812
0.0000009463714840701004002
0.0000009683205830213947041
0.0000009918178165718755800
0.0000010167865945713415312
0.0000010431420969583526000
0.0000010707930664784999494
0.0000010996431782717757680
0.0000011295912652744434676
0.0000011605307658383930513
0.0000011923494499939174792
0.0000012249301316980773823
0.0000012581524231222522401
0.0000012918946984187427067
0.0000013260359837937394020
0.0000013604569601198444463
0.0000013950411395667419423
0.0000014296761165837488697
0.0000014642540330236719414
0.0000014986711027408697944
0.0000015328264226888714475
0.0000015666202919945288908
0.0000015999522742628013093
0.0000016327191836159628614
0.0000016648131741632478814
0.0000016961201154464130088
0.0000017265184313300903845
0.0000017558785308075034401
0.0000017840630511398638854
0.0000018109281294279021651
0.0000018363258653488564635
0.0000018601079913447852539
0.0000018821305379598404464
0.0000019022590726568968779
0.0000019203739528255608992
0.0000019363749734796679366
0.0000019501848314076050770
0.0000019617509900859491661
0.0000019710457109340633194
0.0000019780643906838545468
0.0000019828226557657995354
0.0000019853535719764459332
0.0000019857064092935699278
0.0000019839464091643077398
0.0000019801530920672965553
0.0000019744178772285151382
0.0000019668413995276285698
0.0000019575306370401429702
0.0000019465963932612711958
0.0000019341523810502239710
0.0000019176864976352009259
0.0000019014266371196669920
0.0000018855229287087225709
0.0000018700015824842090420
0.0000018548225341822080256
0.0000018399183786858071276
0.0000018252152274998091335
0.0000018106423888641310479
0.0000017961361726888158475
0.0000017816409133145570016
0.0000017671087930326160773
0.0000017524992400117135644
0.0000017377782065326463369
0.0000017229174642100456264
0.0000017078939395045484337
0.0000016926891079746364376
0.0000016772884547769120227
0.0000016616810028296145842
0.0000016458589017627113261
0.0000016246716957935150862
0.0000016030428201420076664
0.0000015810527040441449761
0.0000015587708186205850718
0.0000015362587383416524811
0.0000015135836956805109696
0.0000014908433749689055146
0.0000014681971520452002425
0.0000014458924022955591935
0.0000014242665294356507398
0.0000014037045440622352913
0.0000013845502329206389867
0.0000013670044707920409352
0.0000013510675454669393818
0.0000013365607897953215877
0.0000013232095602137665984
0.0000013107360232002783157
0.0000012989211535949692173
0.0000012876268271860147623
0.0000012767901022414396339
0.0000012664055905617539574
0.0000012565066121324452596
0.0000012471498198923200659
0.0000012384042227014626467
0.0000012303439134209214270
0.0000012230434173433022740
0.0000012165748052597961294
0.0000012110060085361086596
0.0000012063998823068095198
0.0000012028137595609293440
0.0000012002991565086810608
0.0000011989014947002711369
0.0000011986600241373621640
0.0000011996079616152990216
0.0000012017727023919223052
0.0000012051759648071793786
0.0000012098336274843888697
0.0000012157552094342038194
0.0000012229430424556499799
0.0000012313908918725100770
0.0000012410813307873532296
0.0000012519815695980960972
0.0000012640374670486884645
0.0000012771656315550577003
0.0000012912437996770431529
0.0000013061002456974071359
0.0000013215033073764906867
0.0000013371532043633355849
0.0000013526819150556802650
0.0000013676706407173376540
0.0000013816855335475735297
0.0000013943207034714451613
0.0000014052307320562019057
0.0000014141540010911717168
0.0000014209267927503282698
0.0000014254881496464041381
0.0000014278769538189869020
0.0000014282236381832110312
0.0000014267372153934667473
0.0000014236887347354154175
0.0000014193926430421219015
0.0000014141876018284960207
0.0000014084181438672086319
0.0000014024185301865761543
0.0000013964997809551915775
0.0000013909405396593817805
0.0000013859814223499320716
0.0000013818222129794906346
0.0000013786208433331714432
0.0000013764934354174969075
0.0000013755154344619261140
0.0000013757241093359541410
0.0000013742562679095814432
0.0000013752201464384644897
0.0000013782432680285749027
0.0000013829544362006507003
0.0000013896146501980716605
0.0000013969684078177285586
0.0000014049651206870121114
0.0000014135688190192585401
0.0000014227669094685594473
0.0000014325689457944266497
0.0000014429976068786471701
0.0000014540778910774619380
0.0000014658283005266314768
0.0000014782553567601825750
0.0000014913517954456242156
0.0000015050985878698296286
0.0000015194710651785644833
0.0000015344496342484721667
0.0000015500357324098036498
0.0000015662726671659051623
0.0000015832680350816729626
0.0000016012110378634771711
0.0000016203712185538098026
0.0000016410615387032466422
0.0000016635549523844842498
0.0000016879683092160904930
0.0000017141639592055770731
0.0000017417334072302260337
0.0000017700872036236293394
0.0000017986046645822275811
0.0000018267626347651881835
0.0000018541934894377175758
0.0000018806774044317755042
0.0000019061024953605057982
0.0000019304196063654260514
0.0000019536067185658343549
0.0000019756470173586426085
0.0000019965187607251865582
0.0000020161940041156493484
0.0000020346457666189572213
0.0000020505809626341948275
0.0000020661541701827937282
0.0000020813828126237957233
0.0000020962886854206472360
0.0000021108985220537081568
0.0000021252446189301271576
0.0000021393654968940496210
0.0000021533065465390937162
0.0000021671205682723770379
0.0000021808681125540333454
0.0000021946175994445535091
0.0000022084449512258439790
0.0000022224317669804799472
0.0000022366602080663635278
0.0000022512019504763707153
0.0000022660968229822870711
0.0000022813154696998281212
0.0000022967038006085188313
0.0000023119284841843654394
0.0000023174050789171050543
0.0000023211181678193727055
0.0000023230131508186904694
0.0000023230427841771779206
0.0000023211580732706509142
0.0000023172999517610131107
0.0000023113958643129221773
0.0000023033617853072112432
0.0000022931088537828896230
0.0000022805530378581574826
0.0000022656260062881081553
0.0000022482866978469618560
0.0000022285333717750452684
0.0000022064158095299866335
0.0000021820457842190470485
0.0000021556028677967345194
0.0000021273343573208335884
0.0000020975486368594814339
0.0000020666024144971561531
0.0000020348832461876590807
0.0000020027903151448348325
0.0000019707160754460179140
0.0000019390298841084676202
0.0000019080629918294922693
0.0000018780964906948599200
0.0000018493540841391324851
0.0000018220011253594947996
0.0000017961487733255086694
0.0000017718612246686968093
0.0000017491641021692773421
0.0000017280527493719730746
0.0000017084996366224984714
0.0000016904604706714211222
0.0000016738789017714144924
0.0000016586896695644792754
0.0000016448203182374645448
0.0000016321917938740361445
0.0000016207183827738738418
0.0000016103077180352805156
0.0000016008620526584035623
0.0000015922806162632885177
0.0000015844630959607707237
0.0000015773143327010858070
0.0000015707500995772707363
0.0000015647035630932718101
0.0000015591315374679183404
0.0000015540189434217475169
0.0000015493787008723246796
0.0000015452437571520306167
0.0000015419630248188897839
0.0000015379025018214239583
0.0000015330752694085785758
0.0000015275807900971535985
0.0000015215610055678801835
0.0000015151593798173292425
0.0000015085004985938598235
0.0000015041951698696176859
0.0000015004891469141940677
0.0000014973639929008448291
0.0000014947582476602932242
0.0000014925550792147729417
0.0000014905743275486383927
0.0000014885719907850014028
0.0000014862505111465610637
0.0000014832829549383899506
0.0000014793508816606153835
0.0000014741911412208208050
0.0000014676418216237568820
0.0000014596753926637619823
0.0000014504086389336275721
0.0000014400852574455340098
0.0000014290356953387144906
0.0000014176256024968814947
0.0000014062061899076628076
0.0000013950765533599214108
0.0000013844624192632688357
0.0000013745106009704204983
0.0000013652960821155582217
0.0000013568382556212245929
0.0000013503994279767166111
0.0000013432583203421779307
0.0000013353304526815750983
0.0000013266421965721763658
0.0000013187733825987262799
0.0000013117272449013574207
0.0000013054553929771846466
0.0000013027783761636780609
0.0000013013505742868987485
0.0000012975566047198310411
0.0000012942303347845227197
0.0000012913584401059096610
0.0000012889512824251603026
0.0000012870477816908245320
0.0000012857162071731770042
0.0000012850538100882717778
0.0000012851858544106033812
0.0000012862634423462939855
0.0000012884591955791294784
0.0000012919599342991011062
0.0000012969562182468701150
0.0000013036294520741865384
0.0000013121371239465652362
0.0000013225978940936507502
0.0000013350778810805308674
0.0000013495799576650373255
0.0000013660380861441792091
0.0000013843181422979952773
0.0000014042256546773086470
0.0000014255194546943040134
0.0000014479296854548958065
0.0000014711770221759580378
0.0000014949901806777799218
0.0000015191192902297116084
0.0000015433440039813801715
0.0000015674767776521369785
0.0000015913625828450165056
0.0000016148755752469799919
0.0000016379129491865491441
0.0000016603864353202168276
0.0000016822122821923773218
0.0000017033022963199772073
0.0000017235606159801021050
0.0000017428874097432678471
0.0000017611881849454063876
0.0000017783792196709204967
0.0000017943905445305750100
0.0000018091663544469400075
0.0000018226640700233781465
0.0000018348531651321107118
0.0000018457143101056220364
0.0000018552388743796725924
0.0000018634283022026490184
0.0000018702932378176885928
0.0000018758524498301355882
0.0000018801315345383430599
0.0000018831613920730542126
0.0000018849763851417591670
0.0000018856121655221517400
0.0000018851032076339605906
0.0000018834801314885540725
0.0000018807670080564602765
0.0000018769788980646371793
0.0000018721201748872222854
0.0000018661841046700225003
0.0000018591533944647822759
0.0000018510022730796232457
0.0000018417010891163976932
0.0000018312225326356058296
0.0000018195441079682934645
0.0000018066507390662298522
0.0000017925379008365503205
0.0000017772215270833422804
0.0000017607531102397508684
0.0000017432337904754129749
0.0000017248251215647379924
0.0000017057534980261975853
0.0000016863046419533868865
0.0000016668064210165209227
0.0000016476015753296141949
0.0000016290153414559284527
0.0000016113250645222470622
0.0000015947384861855950951
0.0000015793845654020093420
0.0000015653168233740618263
0.0000015525260523958314317
0.0000015409578243340097050
0.0000015305307439690468022
0.0000015211525757848837669
0.0000015127341521100356618
0.0000015052015060648261468
0.0000014985080824765642614
0.0000014923234639448177928
0.0000014861547224410084780
0.0000014799223688531017732
0.0000014735419384389818533
0.0000014669425865732358891
0.0000014601072445264574710
0.0000014531344681486813850
0.0000014500273142152099678
0.0000014480209819591317529
0.0000014471824006862834480
0.0000014475771459063963142
0.0000014492666434459432114
0.0000014523042540265108879
0.0000014567303800458944129
0.0000014625671674470286195
0.0000014698132978505817500
0.0000014784405157003524746
0.0000014883928781878179224
0.0000014995896197093358212
0.0000015119315170988487023
0.0000015253097014893364049
0.0000015396153282562034962
0.0000015547484942749395479
0.0000015706251164558154225
0.0000015871810474755581663
0.0000016043731088886890852
0.0000016221771687385094797
0.0000016405838793374122719
0.0000016595925988508121975
0.0000016792029317533865656
0.0000016994051590415382415
0.0000017201726669350394719
0.0000017408444496874135142
0.0000017626809622119488730
0.0000017854076844273634993
0.0000018084135917433385204
0.0000018316117715930645108
0.0000018549069067309363659
0.0000018781975182207147298
0.0000019013802148497213556
0.0000019243525268603187658
0.0000019470151217858308563
0.0000019692737305660553191
0.0000019910407232528326599
0.0000020122362075668532185
0.0000020327887475207873956
0.0000020526357966783817910
0.0000020717238695127116678
0.0000020900084955307698026
0.0000021074539908611037621
0.0000021240330598447498501
0.0000021397261528535275998
0.0000021545205963889321616
0.0000021684097622259637301
0.0000021813923873212410606
0.0000021934723669652048099
0.0000022046589548405800522
0.0000022149670782307666908
0.0000022244175909539622827
0.0000022330371989198135021
0.0000022408580662784630759
0.0000022479170975399100030
0.0000022542550655113827042
0.0000022599158774848107974
0.0000022649459285052414562
0.0000022693937063226781189
0.0000022733143471820192922
0.0000022771538851809862611
0.0000022810739135273574028
0.0000022851657433552673070
0.0000022894590737594056290
0.0000022939477275530932286
0.0000022986092164208956235
0.0000023034159577743206880
0.0000023083407818872644809
0.0000023133592505698633747
0.0000023184503807186192720
0.0000023235966399835973814
0.0000023287836501575077131
0.0000023339998071941474192
0.0000023392359165029277542
0.0000023444848623937370138
0.0000023497413180184554574
0.0000023550014800070305587
0.0000023602628107205354215
0.0000023655238044978914759
0.0000023707837671297111422
0.0000023760426285132653753
0.0000023813007949220551751
0.0000023865590400276376419
0.0000023918184369503494507
0.0000023970803132668559752
0.0000024023462247515281056
0.0000024076179354812548803
0.0000024128974007105396282
0.0000024181867517804403783
0.0000024234882827599929197
0.0000024288044385994081018
0.0000024341378047628463810
0.0000024394910982089361362
0.0000024448671597924802856
0.0000024502689482699638848
0.0000024556995360479819389
0.0000024611621064337065050
0.0000024666599517192619654
0.0000024721964695406293909
0.0000024777751550106056965
0.0000024833995895365584278
0.0000024890734252779484320
0.0000024948003702867224439
0.0000025005841762720051721
0.0000025064286268783669427
0.0000025123375251392519298
0.0000025183146758663199608
0.0000025243638588585897583
0.0000025304887880530642258
0.0000025366930528433203944
0.0000025429800477586600770
0.0000025493528845941739991
