14.0000000000000000000000000
0.0000008967195802424420158
0.0000010172632495754184637
0.0000011357124851219526916
0.0000012520595920555401673
0.0000013662957217420029675
0.0000014784109404627940102
0.0000015883945478345793672
0.0000016962353707026444689
0.0000018019220258510762771
0.0000019054431526943375172
0.0000020067876135059919217
0.0000021059446682345576793
0.0000022029041328847355148
0.0000022976565446601833608
0.0000023901933144694545594
0.0000024805068674354082194
0.0000025685907594762526396
0.0000026544397651260220772
0.0000027380499551471426782
0.0000028194187708551620964
0.0000028985451004485869394
0.0000029754293596711577919
0.0000030500735788145825889
0.0000031224814964022855590
0.0000031926586567471164090
0.0000032606125056364746451
0.0000033263524638402944477
0.0000033898899291443786019
0.0000034512380594847575704
0.0000035104112067986691457
0.0000035674246215552362233
0.0000036222948525484627177
0.0000036750398668916778852
0.0000037256790374600640868
0.0000037742331171582723076
0.0000038207241857216640941
0.0000038651754703140603589
0.0000039076108819363530498
0.0000039480544893212092110
0.0000039865299481391265116
0.0000040230598580863773906
0.0000040576650380693149729
0.0000040903636828584670615
0.0000041211703623639110692
0.0000041500948042163547435
0.0000041771403874062482928
0.0000042023022896618788781
0.0000042255652172238227049
0.0000042469005486152108567
0.0000042662625833469570107
0.0000042835834217282203257
0.0000042987657464083514863
0.0000043116724194606772405
0.0000043221115317689442285
0.0000043298159305730470200
0.0000043344186797013679001
0.0000043354341976694095977
0.0000043322734089655643049
0.0000043243437183723995403
0.0000043129311209913250637
0.0000042984804824754884456
0.0000042809275049264894992
0.0000042602316026204232189
0.0000042363827874665060748
0.0000042094088465050162839
0.0000041793823613598069184
0.0000041464265673496028303
0.0000041107189505163485403
0.0000040724918433328218258
0.0000040320294767972658298
0.0000039896595140664874174
0.0000039457378972539124343
0.0000039006262402414838798
0.0000038546643837636829916
0.0000038081429814574384155
0.0000037612812645901508308
0.0000037142143685786047919
0.0000036669924886004549474
0.0000036195912015313736161
0.0000035719299863032058052
0.0000035238951217415987652
0.0000034753637881465512476
0.0000034262279352562686758
0.0000033764174473770497864
0.0000033259180710410707316
0.0000032747648575640289359
0.0000032304410210790472970
0.0000031846872025755958720
0.0000031307414401229196449
0.0000030761648756768238343
0.0000030210363274224163057
0.0000029654467965167332362
0.0000029095003053385065478
0.0000028533155294953903594
0.0000027970279139610977914
0.0000027407914114803442880
0.0000026847787086239523767
0.0000026291781827165161930
0.0000025741868043454156395
0.0000025200006882618513094
0.0000024668042090363649855
0.0000024147619839466939954
0.0000023640142387195412785
0.0000023146752901658422606
0.0000022668353181780789870
0.0000022205649453535136123
0.0000021759208927383278870
0.0000021329508838500297218
0.0000020916972616510044694
0.0000020521993375220705009
0.0000020144954519821089295
0.0000019786249769400616924
0.0000019446303822996271842
0.0000019125591102400629236
0.0000018824643629081962209
0.0000018544028273041440872
0.0000018284313789833415565
0.0000018046063089468346690
0.0000017829827522684707179
0.0000017636153285677480316
0.0000017465548004057004861
0.0000017318408100751022840
0.0000017194999939771902397
0.0000017095477944654120436
0.0000017019912554570866215
0.0000016968311979163987871
0.0000016940601630637784303
0.0000016936597414369425283
0.0000016955996888965414367
0.0000016998387573687620377
0.0000017063273354839302791
0.0000017150111988513971329
0.0000017258346517150593641
0.0000017387424666016522299
0.0000017536813208733877832
0.0000017706027563904469089
0.0000017894685301586043355
0.0000018102576808838241014
0.0000018329712648859615366
0.0000018576326565716929149
0.0000018842829427859973019
0.0000019129773188793059943
0.0000019437922528552713819
0.0000019768355900299510873
0.0000020122577330125289700
0.0000020502366504738404396
0.0000020909478771104803015
0.0000021345347949163230640
0.0000021810848882082396515
0.0000022306167960207173899
0.0000022830753944746066429
0.0000023383379129956283698
0.0000023962275174416791925
0.0000024565275527095286908
0.0000025189932316285429693
0.0000025833597031902767937
0.0000026493474266607603139
0.0000027166666314667417773
0.0000027850204058440296066
0.0000028541069648769753272
0.0000029236205998262235969
0.0000029932527964607089197
0.0000030626922572662534702
0.0000031316237764886029808
0.0000031997245303633799756
0.0000032666587390933387247
0.0000033320723509527093133
0.0000033955890088013601717
0.0000034568080721390338306
0.0000035153052997995164009
0.0000035706372986142002613
0.0000036223507740788564209
0.0000036699960907713586185
0.0000037131442511677177947
0.0000037514051693236040654
0.0000037844454019294987808
0.0000038120050867457207278
0.0000038339147753534708334
0.0000038501126655342409209
0.0000038606640346568180645
0.0000038417577438503235942
0.0000038191418344103615428
0.0000037949080540154546130
0.0000037702782595716182193
0.0000037458320359708742949
0.0000037217685842933457794
0.0000036980863196496164976
0.0000036859418198097324922
0.0000036710229217010388917
0.0000036532355355732552402
0.0000036323626052101115277
0.0000036079887708011010388
0.0000035795037099458943964
0.0000035461669687225356833
0.0000035072041200491988253
0.0000034619349202668135629
0.0000034099314493730106557
0.0000033511858679583316697
0.0000032862471487308766851
0.0000032162731793540693320
0.0000031429566718773214377
0.0000030683224045603600205
0.0000029944444761743622111
0.0000029231659116196024102
0.0000028558984705123691762
0.0000027935418239837777426
0.0000027365140742781740829
0.0000026848546236870023225
0.0000026383539224930688341
0.0000025966755142379230464
0.0000025594521719663947651
0.0000025263517261555936804
0.0000024971161580608891178
0.0000024715805450599871102
0.0000024496785175263711780
0.0000024314394531828057976
0.0000024169810897954704659
0.0000024064997276735175316
0.0000024002592287106098535
0.0000023985790791793260030
0.0000024018212091878475435
0.0000024103749343025027373
0.0000024246392893963205220
0.0000024450030384780481360
0.0000024718231853019370973
0.0000025054034926271386839
0.0000025459752151160378408
0.0000025936820739944233745
0.0000026485708295955775537
0.0000027105863502482867136
0.0000027795653319326503540
0.0000028552224872433624540
0.0000029371350750504781641
0.0000030247343328630279450
0.0000031173171000988258548
0.0000032140682929167666603
0.0000033140880431787846142
0.0000034164222790225988897
0.0000035200943460988038582
0.0000036241348886379378720
0.0000037276075178271147071
0.0000038296284359442931436
0.0000039293790204921699133
0.0000040261119325296682953
0.0000041191549755090516906
0.0000042079145531920720695
0.0000042918807471182704474
0.0000043706371028845025507
0.0000044438763938486119731
0.0000045114153736608740425
0.0000045732010293305274255
0.0000046293026632299752750
0.0000046798927018410329534
0.0000047252256776547013671
0.0000047656178915940305055
0.0000048014303059785996329
0.0000048330515305500416833
0.0000048608698854544681587
0.0000048852461814674088314
0.0000049064942179867714018
0.0000049248746203191737711
0.0000049405960029409217574
0.0000049538157364205071993
0.0000049646441626746581178
0.0000049731507866821462040
0.0000049793714450296332286
0.0000049833132779237343104
0.0000049849572549696687820
0.0000049842595714381979471
0.0000049811526145203434616
0.0000049755470390418791161
0.0000049673374484794657161
0.0000049564134898882883295
0.0000049426781468347046443
0.0000049260759643204763910
0.0000049066252449052336892
0.0000048844516141949408390
0.0000048646974683787515351
0.0000048447765200864440846
0.0000048184153854213418336
0.0000047904943422051583001
0.0000047615716745907180491
0.0000047322948219868740078
0.0000047033646890390938129
0.0000046754467539983340303
0.0000046490800512272892643
0.0000046246183714687984201
0.0000046022183935431885444
0.0000045818660551016222708
0.0000045634247759951501971
0.0000045466899350445416913
0.0000045314365841403602152
0.0000045174538108550978647
0.0000045045626406104710828
0.0000044926164030824259200
0.0000044814882222899106239
0.0000044710502153532048934
0.0000044543871286982837673
0.0000044375595686829876074
0.0000044205562492033985295
0.0000044033759153644469754
0.0000043860384221480451121
0.0000043686036740034334176
0.0000043511995877297555545
0.0000043425981706175569721
0.0000043343211720991997203
0.0000043260465252586981124
0.0000043174232320738010758
0.0000043080956762065823114
0.0000042977289347595993297
0.0000042860238723732005037
0.0000042727246610828120495
0.0000042576201055378109584
0.0000042405390199215706567
0.0000042213421917007867598
0.0000041999190398282554363
0.0000041762064365986455985
0.0000041502223772786211669
0.0000041220715231669807175
0.0000040919053367965875099
0.0000040598805954816397649
0.0000040261295206320989919
0.0000039907411205849743462
0.0000039537506845681308224
0.0000039151346508549613007
0.0000038748095129210258640
0.0000038326340838314318938
0.0000037884153134374348956
0.0000037419184508294844638
0.0000036928829633917209406
0.0000036410456682251299406
0.0000035861714941482068406
0.0000035280907230145457375
0.0000034667390749616266136
0.0000034021946946535378335
0.0000033347076173747824516
0.0000032647168760154427580
0.0000031928485366025877515
0.0000031198895336794576630
0.0000030467435634820258414
0.0000029743798839849585334
0.0000029037767843209730832
0.0000028358642038123364498
0.0000027714691264162570641
0.0000027112736514473498768
0.0000026558014304386160510
0.0000026054299588588877136
0.0000025604083174950319668
0.0000025208779028106727523
0.0000024868936513138420245
0.0000024584432117833150900
0.0000024354621043504213229
0.0000024178448009673885453
0.0000024054527014650756560
0.0000023981199729237986836
0.0000023956582309578355350
0.0000023978608148148040788
0.0000024045071779921446261
0.0000024153678062324420310
0.0000024302100893468821270
0.0000024488050197114668652
0.0000024709343414868824610
0.0000024963976704089709644
0.0000025250191060083932766
0.0000025566526527399482880
0.0000025911856902730993436
0.0000026285395889720354676
0.0000026686664872473988905
0.0000027115408073875087942
0.0000027571436979995707118
0.0000028054389489693060730
0.0000028563398795558670694
0.0000029096698631268024340
0.0000029651220556025363125
0.0000030222249032310958576
0.0000030803242253180766119
0.0000031385953601184029341
0.0000031960850701725326019
0.0000032517838330112664377
0.0000033047175591715188258
0.0000033540488971161580911
0.0000033991662497493847282
0.0000034397382908299754570
0.0000034757222956068513662
0.0000035073297542459237424
0.0000035349655726405386826
0.0000035591477737966864923
0.0000035804169729814344207
0.0000035992514656129359233
0.0000036160011514994494038
0.0000036308671379366803180
0.0000036439347529559340928
0.0000036552143367699805614
0.0000036646751434522461109
0.0000036755476777085077478
0.0000036812634927650040913
0.0000036820403910487104794
0.0000036811213635683572991
0.0000036786585278891868559
0.0000036747361684319076699
0.0000036694229484533051317
0.0000036627988782054836901
0.0000036549597283582553104
0.0000036460166165588334151
0.0000036360959078042153098
0.0000036253402685215179764
0.0000036139095326995184429
0.0000036019802562725582022
0.0000035897419266001803956
0.0000035773890301350586184
0.0000035651087226779266860
0.0000035530635365571047820
0.0000035413698613906578736
0.0000035300757748817709185
0.0000035191424279246162563
0.0000035084336274699900532
0.0000034977174515709182859
0.0000034866812397662808814
0.0000034749589898709391498
0.0000034621670827208134855
0.0000034479419961096432638
0.0000034319733548449471649
0.0000034140262452274390034
0.0000033939477996393943448
0.0000033716536567357932419
0.0000033470925068916929988
0.0000033202082061862412704
0.0000032909296544223068152
0.0000032591836289106332338
0.0000032249006106392275167
0.0000031880179173949391666
0.0000031484835760943418300
0.0000031062605930095192775
0.0000030613311387388646190
0.0000030137001856198690634
0.0000029633984590379943989
0.0000029104848595810291820
0.0000028550480133883804659
0.0000027972067309610098479
0.0000027371093512929219442
0.0000026749318587941685107
0.0000026108748960970782917
0.0000025451595901895053609
0.0000024780223352105068022
0.0000024097088213410261659
0.0000023404681585848065631
0.0000022705489232435942053
0.0000022001957053898364374
0.0000021296425726090126289
0.0000020591080268270844804
0.0000019887974169594328078
0.0000019189083956964207714
0.0000018496353996642663422
0.0000017811705788792786310
0.0000017137030499219514715
0.0000016474180134519845192
0.0000015824958292272029294
0.0000015191110271346353263
0.0000014574312047787569250
0.0000013976158102556298171
0.0000013398147963529185652
0.0000012841672248282631529
0.0000012307998313224434786
0.0000011798256001163668927
0.0000011313423692219524193
0.0000010854314667759177781
0.0000010421563509120979987
0.0000010015611549595648547
0.0000009636693569575235174
0.0000009284837286887599016
0.0000008959880417636713584
0.0000008661505289922129847
0.0000008389281592275218384
0.0000008142700164706613250
0.0000007921196138744637924
0.0000007724164123420270718
0.0000007550967136926728587
0.0000007400940948360060406
0.0000007273394425930193478
0.0000007167604428101479803
0.0000007082807362808166839
0.0000007018188028432632428
0.0000006972863512180249212
0.0000006945863133978362286
0.0000006936109895671245201
0.0000006942405063374325522
0.0000006963423295080604517
0.0000006997715243586004986
0.0000007043719303385704113
0.0000007099783183762799826
0.0000007164210379870336318
0.0000007235313113863720791
0.0000007311457318532598618
0.0000007391096110729561892
0.0000007472781905841925926
0.0000007555168313861586916
0.0000007637008007542145802
0.0000007717146706999984230
0.0000007794514422820298350
0.0000007868113812042456065
0.0000007937007972809222350
0.0000008000308460839942714
0.0000008057166736300569802
0.0000008106769178376913820
0.0000008148336498861765630
0.0000008181126355213033977
0.0000008204437840608904673
0.0000008217616694424766581
0.0000008220059904981748565
0.0000008211219293385703910
0.0000008190603421905049625
0.0000008157778051403736302
0.0000008112364840369477437
0.0000008054038576395655288
0.0000007982523241033488233
0.0000007897589023561813114
0.0000007799050014367858518
0.0000007686761395119148388
0.0000007560616597100649581
0.0000007420546215058149208
0.0000007266519123917277631
0.0000007098546242119117734
0.0000006916685381146120176
0.0000006721043097084420023
0.0000006511775805067074915
0.0000006289087638485357401
0.0000006053228123155120500
0.0000005804490492991472919
0.0000005543210676045973038
0.0000005269767976684590254
0.0000004984586638270507504
0.0000004688137805690547080
0.0000004380941739904391962
0.0000004063569811364894607
0.0000003736646681930432734
0.0000003400852601676203900
0.0000003056925706130804206
0.0000002705663958648347930
0.0000002347927791848379904
0.0000001984643672902381728
0.0000001616809000583905983
0.0000001245493090300127546
0.0000000871831189188341022
0.0000000497010145442076380
0.0000000122247750850892370
-0.0000000251226803553849549
-0.0000000622190050021892901
-0.0000000989439312486907827
-0.0000001351805916614970472
-0.0000001708166843661115209
-0.0000002057455241543568144
-0.0000002398670317826556041
-0.0000002730887281921143884
-0.0000003053268401547343049
-0.0000003365073262884752565
-0.0000003665665507209455400
-0.0000003954515943705466554
-0.0000004231202378241195471
-0.0000004495408840359939946
-0.0000004746925441447027027
-0.0000004985648393171279869
-0.0000005211577875763510310
-0.0000005424813408089010739
-0.0000005625546514414291576
-0.0000005814050544937463786
-0.0000005990667489858251050
-0.0000006155791757975483649
-0.0000006309850974033711876
-0.0000006453285226355050051
-0.0000006586525228979831189
-0.0000006709970349157802065
-0.0000006823967027906240703
-0.0000006928788499519054744
-0.0000007024617187754993109
-0.0000007111532790550977942
-0.0000007189511167795598254
-0.0000007258439509098862612
-0.0000007318141357096599305
-0.0000007368403776517183895
-0.0000007408999235456389400
-0.0000007439698151818512782
-0.0000007460279776204191134
-0.0000007470542233067284993
-0.0000007470310609633143914
-0.0000007459444650933385492
-0.0000007437851657098734868
-0.0000007405511976863932001
-0.0000007362537870096882748
-0.0000007309282154957917084
-0.0000007246478583586528934
-0.0000007175332890315221853
-0.0000007097469977461031201
-0.0000007014703481901557062
-0.0000006928721759616916001
-0.0000006840830396497594315
-0.0000006751780381207579583
-0.0000006661683216321693153
-0.0000006569971847881625386
-0.0000006475436931171155824
-0.0000006376330240654672664
-0.0000006270584563250777610
-0.0000006156012137694605446
-0.0000006030473924803485257
-0.0000005891980413915952920
-0.0000005738739781035666858
-0.0000005569163170499211777
-0.0000005381845003619188455
-0.0000005175522045105557529
-0.0000004949016583796558341
-0.0000004701159465902197989
-0.0000004430689761820327810
-0.0000004136143912496460232
-0.0000003815799321202260808
-0.0000003443688527948111134
-0.0000003024154572554767987
-0.0000002556443177503405575
-0.0000002041518352356993295
-0.0000001481381076609593869
-0.0000000878419377943319302
-0.0000000234987487521628550
0.0000000446807147685375931
0.0000001165181398863103939
0.0000001918680521304632286
0.0000002706148666462998321
0.0000003526687954086495801
0.0000004379616981653531704
0.0000005264433398847612076
0.0000006180782016099566561
0.0000007128428411704671326
0.0000008107237421802758929
0.0000009117155678896387314
0.0000010158197379408486211
0.0000011230432609995959656
0.0000012333977658177018495
0.0000013468986870376317404
0.0000014635645715066461620
0.0000015834164794335437682
0.0000017064774593316847206
0.0000018327720987543777668
0.0000019623262110987243795
0.0000020951666711430979390
0.0000022313213008687465334
0.0000023708186200605908278
0.0000025123756762803752507
0.0000026581859624996430551
0.0000028070221516979538440
0.0000029551931558600149357
0.0000030960056808563062044
0.0000032211512003349712230
0.0000032567240726802599515
0.0000032399587779724931048
0.0000032096412127949909673
0.0000031900540751299307444
0.0000031883030769418660907
0.0000032032497866433863857
0.0000032315311915205572913
0.0000032698822066542353944
0.0000033157132602646381889
0.0000033671032697078051041
0.0000034226557275369277086
0.0000034813557198280659957
0.0000035424587322329236621
0.0000036054107452879265549
0.0000036697924031621137110
0.0000037352803317334474800
0.0000038016205776214080922
0.0000038686105222274253334
0.0000039360865085484352731
0.0000040335524027295644478
0.0000041322552397169042945
0.0000042321288399630703229
0.0000043330972761044839835
0.0000044350806667604027192
0.0000045380086197081157676
0.0000046418307033363807756
0.0000047465175974419093570
0.0000048520545567006186408
0.0000049584303695556207706
0.0000050656203429191312633
0.0000051735633327464158911
0.0000052821366193535208077
0.0000053911356760166799488
0.0000055002663481841136141
0.0000056091535613380246020
0.0000057173648938379579548
0.0000058244421411366678783
0.0000059299321360188891203
0.0000059893439987318391394
0.0000060906202331505395573
0.0000061894172770097208414
0.0000062854519177925943156
0.0000063784723898800592951
0.0000064682538103940798792
0.0000065545888310493444662
0.0000066372657090772603963
0.0000067160459313344344546
0.0000067906727902078329020
0.0000068608989569001138062
0.0000069265015053468908469
0.0000069872899993682236828
0.0000070167090818411650185
0.0000070441313820919688755
0.0000070944046813563007423
0.0000071396740308845544300
0.0000071798798029249776245
0.0000072149197083438776636
0.0000072446850004871227960
0.0000072549582937505247701
0.0000072616511760171272136
0.0000072649219529620690281
0.0000072651941357981006213
0.0000072630068179061679364
0.0000072589169045676641022
0.0000072656139537205620884
0.0000072682173402424139893
0.0000072670338244336994294
0.0000072623562461871688870
0.0000072544189457468534704
0.0000072433695470058959186
0.0000072267215302888227239
0.0000072066426674217983105
0.0000071831225715768503196
0.0000071568255874551010509
0.0000071287245295304590113
0.0000070998417195082405361
0.0000070710911657032541618
0.0000070432031852224534870
0.0000070167064082783727619
0.0000069919429912283419945
0.0000069690988012213128747
0.0000069482395813158146807
0.0000069293451924627903369
0.0000069123373075416756579
0.0000068971002824144392085
0.0000068834969133155142227
0.0000068713799561236029690
0.0000068606000823404514363
0.0000068510111163335414707
0.0000068424733006215250882
0.0000068348551701458567389
0.0000068280344708191168513
0.0000068218984396283356209
0.0000068163436725333362957
0.0000068112757384388022291
0.0000068066086479664306087
0.0000068022642502696476348
0.0000067981716060979772558
0.0000067942663678857609621
0.0000067904901856591355316
0.0000067867901494342912859
0.0000067831182733667144598
0.0000067794310233780547697
0.0000067689850467052812172
0.0000067583443430367711537
0.0000067475241221496862096
0.0000067365136371478979082
0.0000067252768789583152796
0.0000067137720056100102375
0.0000067019710302310592614
0.0000066898724384107519705
0.0000066775061920870322450
0.0000066649329566445090982
0.0000066522385610083738044
0.0000066395250203187946574
0.0000066268994435786046258
0.0000066144623043734403068
0.0000066022965236948233169
0.0000065904586864011557558
0.0000065789734166991157416
0.0000065678314462508165876
0.0000065569913285976808004
0.0000065463842518033093791
0.0000065359210808763722533
0.0000065255006630635206981
0.0000065150183384718944574
0.0000065043736400965761801
0.0000064934765289256182757
0.0000064822520710417282926
0.0000064706434991836061087
0.0000064586135802461655734
0.0000064461441419588098796
0.0000064332336030485719487
0.0000064198924427628671418
0.0000064061369819226651108
0.0000063919830248753223631
0.0000063774412358124688116
0.0000063625156001184646646
0.0000063496088243255655644
0.0000063358559050404900865
0.0000063193784242917093447
0.0000063025623764297823075
0.0000062854069427932141451
0.0000062679145835600952587
0.0000062500897965151132722
0.0000062319370047105737974
0.0000062134592025959367175
0.0000061946569412424383374
0.0000061755274359074061638
0.0000061560634313151464770
0.0000061362521264754770695
0.0000061160747867094099952
0.0000060955073271989937921
0.0000060745211879625122503
0.0000060530843640488578571
0.0000060311625036349274164
0.0000060087199714907390020
0.0000059857207692206804424
0.0000059621292390368280705
0.0000059379105092422957245
0.0000059130306437707435012
0.0000058874564465626625376
0.0000058611553647536308027
0.0000058340954729862490151
0.0000058062451706138690737
0.0000057821569930523369419
0.0000057580296305958037018
0.0000057338915026154881765
0.0000057097737168521311337
0.0000056857102565944820055
0.0000056617381363600972061
0.0000056378974989616863507
0.0000056142316141059368014
0.0000055907867209024992159
0.0000055676116322256602854
0.0000055447569858909227761
0.0000055222739842006368156
0.0000055002124334417242679
0.0000054786179127336526260
0.0000054575276707460340607
0.0000054369643712749335827
0.0000054169269312583180878
0.0000053973788487797045392
0.0000053782351291938937580
0.0000053593468201883941987
0.0000053404841762162044537
0.0000053213218171150677651
0.0000053014311458799016138
0.0000052802874513598886100
0.0000052573003586539037921
0.0000052318747449697304474
0.0000052035032086784530799
0.0000051718807218189862386
0.0000051370210034329610659
0.0000050993501632024141869
0.0000050380478006036359640
0.0000049748575573890749414
0.0000049100667148856194983
0.0000048438735827616981894
0.0000047764244555524264230
0.0000047078456268284890355
0.0000046616485738037761276
0.0000046145241028886154966
0.0000045664153828183838779
0.0000045172554935927868508
0.0000044669654372994613525
0.0000044154517739949255168
0.0000043626038781906402702
0.0000043082908917473778239
0.0000042523586197244360078
0.0000041946269552319676881
0.0000041348890608607511964
0.0000040729146853970562376
0.0000040084619220969848217
0.0000039413045884995639203
0.0000038712857292952628776
0.0000037984088415670433626
0.0000037229696079401643737
0.0000036456972256267354341
0.0000035678015991091909533
0.0000034739403942113894505
0.0000033820396690845383205
0.0000032922940243366999782
0.0000032047930161331280372
0.0000031195484878454419770
0.0000030365068478317579998
0.0000029555543561887195142
0.0000028765283928429214298
0.0000027992474258166877854
0.0000027235410397793814365
0.0000026492706537994122702
0.0000025763395811622209067
0.0000025046938071993890242
0.0000024343161278781329091
0.0000023652166203088688378
0.0000022974221189123271120
0.0000022309669454371411647
0.0000021658862327085201017
0.0000021022118833430390034
0.0000020506238230469286156
0.0000019894159960909204804
0.0000019296465033204375844
0.0000018713232502662904704
0.0000018144578337700814702
0.0000017590710332002941519
0.0000017051953727666259524
0.0000016528698803907770536
0.0000016021305831791658491
0.0000015530052126251622523
0.0000015055105207017433641
0.0000014596481527792986250
0.0000014153994979815335309
0.0000013764532830820458526
0.0000013383742457936275525
0.0000012972805676472678224
0.0000012576522534979871427
0.0000012194862533574690099
0.0000011827474042233970313
0.0000011473345299870727012
0.0000011152375251003234239
0.0000010846833981124022120
0.0000010548623543267402859
0.0000010238237609951909206
0.0000009883861729017156563
0.0000009457307663366326099
0.0000009018820047403694136
0.0000008591110645519164674
0.0000008183288099513222547
0.0000007800444205551829095
0.0000007443988322825613174
0.0000007113072895371635666
0.0000006702553801863190754
0.0000006304414729925888015
0.0000005918510228698288247
0.0000005544702074167743803
0.0000005182860082006665940
0.0000004832862994704389787
0.0000004494599449257340718
0.0000004167969056754289122
0.0000003852883687613804333
0.0000003549268846064096161
0.0000003257065000469800792
0.0000002976228662801000392
0.0000002706732945329213788
0.0000002448567841250736964
0.0000002201741876324716271
0.0000001966285641677402771
0.0000001742256975565192022
0.0000001529750086455329222
0.0000001328913902189713118
0.0000001139970720720401999
0.0000000963238052812370840
0.0000000799159711521438195
0.0000000648351087853542241
0.0000000511663228524068549
0.0000000390271807401175838
0.0000000285796318949292193
0.0000000200446965560003948
0.0000000137169129647106950
0.0000000099677611203631058
0.0000000092086161551835860
0.0000000117487569955566125
0.0000000174553893428962794
0.0000000252462270340600975
0.0000000353622637002021057
0.0000000443109759989814738
0.0000000517136338476546640
0.0000000573638183370081169
0.0000000611505728752522721
0.0000000629960433394543573
0.0000000628289366876169980
0.0000000605786831688308892
0.0000000561748963829557765
0.0000000495525514059565207
0.0000000406560307281701173
0.0000000294426324726559447
0.0000000158844036938963102
-0.0000000000309703288349158
-0.0000000182996474113101548
-0.0000000389006735446603272
-0.0000000617949253643171666
-0.0000000869245081277565975
-0.0000001142130349207419224
-0.0000001435670741272521236
-0.0000001748788400892263075
-0.0000002080301242019001138
-0.0000002428972220010952325
-0.0000002793565023391000565
-0.0000003172898937290621026
-0.0000003565892861601104520
-0.0000003971597841768634454
-0.0000004389219776379733975
-0.0000004818126805728630251
-0.0000005257841438560430295
-0.0000005708015330712598808
-0.0000006168381575095735335
-0.0000006638682315163340959
-0.0000007118569657007494822
-0.0000007607498573902182223
-0.0000008084133294292278346
-0.0000008583704039875882269
-0.0000009107794450920782041
-0.0000009636257193893446124
-0.0000010167268461234143082
-0.0000010698882811430385248
-0.0000011229069783607208232
-0.0000011755760221252631149
-0.0000012276890066551118494
-0.0000012790440617860955023
-0.0000013294476620729901250
-0.0000013787178200616759432
-0.0000014266863261335683995
-0.0000014732003856259490400
-0.0000015181238431343617744
-0.0000015613379337117427768
-0.0000016027415957616991748
-0.0000016422513871662004443
-0.0000016798010192876724902
-0.0000017153403599022159640
-0.0000017488339598325786858
-0.0000017802596773364792598
-0.0000018096076369545226625
-0.0000018368802089014968826
-0.0000018620928372785352318
-0.0000018852750203350085107
-0.0000019064710877569894508
-0.0000019257401992029451417
-0.0000019431556009253294612
-0.0000019588031110366428037
-0.0000019727791853808812511
-0.0000019851892532101996373
-0.0000019961460049553636445
-0.0000020057667591688692953
-0.0000020143964058400327701
-0.0000020228277097373781428
-0.0000020314591155973259136
-0.0000020405230625777740909
-0.0000020500991269438315285
-0.0000020601761999674085499
-0.0000020707012958077010443
-0.0000020816078784389634908
-0.0000020928298725709502269
-0.0000021043076126724060880
-0.0000021159897416727102818
-0.0000021278332556592091265
-0.0000021398028006307293488
-0.0000021518697522915017948
-0.0000021640113300296365911
-0.0000021762097973573402061
-0.0000021884517665064160507
-0.0000022007275598104289211
-0.0000022130305710770781631
-0.0000022253566837552742928
-0.0000022377037255775892713
-0.0000022500710155014602932
-0.0000022624590130552208481
-0.0000022748690617399513824
-0.0000022873032285099345441
-0.0000022997641968561522315
-0.0000023122552034709368686
-0.0000023247799900463028504
-0.0000023373427618622821350
-0.0000023499481513819436849
-0.0000023626011860905083365
-0.0000023753072600200374305
-0.0000023880721088490638073
-0.0000024009017882482351676
-0.0000024138026556254123595
-0.0000024267813556866083163
-0.0000024398448101353995335
-0.0000024530002109419334362
-0.0000024662550155812721038
-0.0000024796169381430970859
-0.0000024930939304597323279
-0.0000025066941557261259219
-0.0000025204259525304774162
-0.0000025342978011308945351
-0.0000025483182963434088660
-0.0000025624961221421352432
-0.0000025768400249283980510
-0.0000025913587759158136519
-0.0000026060611133240144462
-0.0000026209556530392023185
-0.0000026360507581981442403
-0.0000026513543802117076676
-0.0000026668738524713914651
