6.0000000000000000000000000
0.0299999999999999988897770
0.0299999999999999988897770
0.0299999999999999988897770
0.0299999999999999988897770
0.0299999999999999988897770
0.0299999999999999988897770
0.0302444802903518474013200
0.0352853110192559715763139
0.0403261253087353263580006
0.0453667019507031643588135
0.0500000000000000027755576
0.0500000000000000027755576
0.0504889605807036997986437
0.0555297913096078205041906
0.0605705932758707557561628
0.0656111699178386076347635
0.0706517794132473092583169
0.0756926101421514369027577
0.0807334408710555367916228
0.0857742715999596783138514
0.0916302046577276013694657
0.1017118661155358427805595
0.1126901557538182302442564
0.1278118856797217650633769
0.1458675269684444331108608
0.1761125113418691434663543
0.2656941223913700245162772
0.5782256275834254388712452
0.7777760975855639857812207
0.5912747618327537368898561
0.5037856638774069750752460
0.7255822159491882583637334
0.8130602883355180221514047
0.5156512753301749629741835
0.3013856545188769442411569
0.3064262311608447753030759
0.3099999999999999977795540
0.3099999999999999977795540
0.3099999999999999977795540
0.3099999999999999977795540
0.3099999999999999977795540
0.3099999999999999977795540
0.3128015016424213756707218
0.3180155378278324840302105
0.3232295740132435923896992
0.3284436101986547562603391
0.3336576463840659201309791
0.3388716825694770284904678
0.3440857187548881368499565
0.3492997549402992452094452
0.3499999999999999777955395
0.3499999999999999777955395
0.3499999999999999777955395
0.3517148070907193391221313
0.4090662148070905446139989
0.4600000000000000199840144
0.4600000000000000199840144
0.4589884769800302577458240
0.4537744407946191493863353
0.4471208092184160154403116
0.4366927368475937432101830
0.4281323322383857044037825
0.4229182960529745960442938
0.4154085197351269909127325
0.4049804473643047186826038
0.4108952500130350071749774
0.4317513947546796071463859
0.4557594243704050640531023
0.4818296052974607723839995
0.4935799572449032224241705
0.4987939934303143862948104
0.5040078206465068433317356
0.5092215849843586550349528
0.4833865165024245902358757
0.4521022993899578845677922
0.4500000000000000111022302
0.4499223108608373933314795
0.4447082746754262849719908
0.4394838503698185738777227
0.4341627201617623832419213
0.4253663598148246238750403
0.4040818389825998613318347
0.3990033523120311009790839
0.4256090033523119986469396
0.4375570691214814011971157
0.4322359389134252660724655
0.4299999999999999933386619
0.4299999999999999933386619
0.4337279838237641516052179
0.4390491140318202867298680
0.4443702442398765883879719
0.4496913744479327790237733
0.4149124674080773012008194
0.3756627467674131248820402
0.3064880540626827576389246
0.2421928377587398983905587
0.1996237960942904565708744
0.1619092215186506422686108
0.1353035704783696890896039
0.1132187516628532786278072
0.0972553610386847067204030
0.0841946469430107369280591
0.0735523865268982585119417
0.0700000000000000066613381
0.0700000000000000066613381
0.0660005082592121650186812
0.0609179161372299590726520
0.0599999999999999977795540
0.0599999999999999977795540
0.0599999999999999977795540
0.0599999999999999977795540
0.0599999999999999977795540
0.0599999999999999977795540
0.0553415328318764068726843
0.0502591990241919306381391
0.0500000000000000027755576
0.0500000000000000027755576
0.0500000000000000027755576
0.0499298637934540018301632
0.0448475299857694631455729
0.0400000000000000008326673
0.0400000000000000008326673
0.0400000000000000008326673
0.0400000000000000008326673
0.0400000000000000008326673
0.0400000000000000008326673
0.0400000000000000008326673
0.0400000000000000008326673
0.0400000000000000008326673
0.0400000000000000008326673
0.0400000000000000008326673
0.0400000000000000008326673
0.0400000000000000008326673
0.0400000000000000008326673
0.0413879853628786043007182
0.0464703191705630874741573
0.0500000000000000027755576
0.0500000000000000027755576
0.0500000000000000027755576
0.0500000000000000027755576
0.0500000000000000027755576
0.0500000000000000027755576
0.0529879951345919933403117
0.0582764820984716241936141
0.0599999999999999977795540
0.0599999999999999977795540
0.0641414141414141103503255
0.0694299011052937481425218
0.0700000000000000066613381
0.0700068750330530148451302
0.0752953619969326803929022
0.0800000000000000016653345
0.0800000000000000016653345
0.0811607615018509059856555
0.0864489687995769751083230
0.0899999999999999966693309
0.0899999999999999966693309
0.0923142418953937227144024
0.0976027288592733743843866
0.1028912158231530121765829
0.1081797027870326360909914
0.1169360126916974967903329
0.1275124272871496211578801
0.1340233573570414060682765
0.1392840233573570118963403
0.1490893787153453053928587
0.1596107107159765725601375
0.1802640854332157038797391
0.2026134988689564375707874
0.2446988268714815339954782
0.2791519806407491977040536
0.2738913146404335363648386
0.2686307206733298813539079
0.2633703314045239274321375
0.2600000000000000088817842
0.2600000000000000088817842
0.2575885107054552980443418
0.2523278447051396922162780
0.2500000000000000000000000
0.2500000000000000000000000
0.2465458467041927725915684
0.2412851807038771112523534
0.2399999999999999911182158
0.2399999999999999911182158
0.2399999999999999911182158
0.2399999999999999911182158
0.2448529561412435273659582
0.2499409789355856448267446
0.2650862375985755248208875
0.2811651572199048154665491
0.3320453851633257680298073
0.3800000000000000044408921
0.3800000000000000044408921
0.3804685830577461125301397
0.3855563469854998981389826
0.3835585631423629737746239
0.3326783351989419657002145
0.2809779179810729665689450
0.2250096672433088973441784
0.1740228949376744493893199
0.1434963113711523741145015
0.1164846850513891474143691
0.1012206166683625729874052
0.0872525022040137598899889
0.0768806720945910404552137
0.0665088419851682655092873
0.0561370118757453656632705
0.0500000000000000027755576
0.0500000000000000027755576
0.0475112793652439427405376
0.0423253643105325760842561
0.0400000000000000008326673
0.0400000000000000008326673
0.0367676191463983184637421
0.0315817040916869587463545
0.0336042109630243918116932
0.0387901260177357515290808
0.0400000000000000008326673
0.0400000000000000008326673
0.0443478711818700091495948
0.0495337862365813688669824
0.0500000000000000027755576
0.0500000000000000027755576
0.0550915314007156264874965
0.0602774320680356037738257
0.0654630781995435839792918
0.0706487579733443282758998
0.0758346730280557851378020
0.0820411761655344268229229
0.0924130062749571323799103
0.1041772545765698443354097
0.1197349997407042149211165
0.1405854898096769722837251
0.1717009801379451028324752
0.3198109090909049267992259
0.6349624242424201092660496
0.6361187878787891714083003
0.5622072727272713343893429
0.6712981818181803506107030
0.6684133333333350801552797
0.5350800000000017764278937
0.6379357575757556020334960
0.7472132301196358072914450
0.6064672765657994624177718
0.5220809248554911796702527
0.7080573008293533643353612
0.8241248617673680998407804
0.6280858550316676947034011
0.5215773600080435556947123
0.7879893435206573037987710
0.9394430761497906123835833
0.6428861522995726884843748
0.4099999999999999755750935
0.4099999999999999755750935
0.4099999999999999755750935
0.4099999999999999755750935
0.4099999999999999755750935
0.4099999999999999755750935
0.4099999999999999755750935
0.4099999999999999755750935
0.4099999999999999755750935
0.4099999999999999755750935
0.4099999999999999755750935
0.4099999999999999755750935
0.4099999999999999755750935
0.4099999999999999755750935
0.4099999999999999755750935
0.4099999999999999755750935
0.4099999999999999755750935
0.4099999999999999755750935
0.4099999999999999755750935
0.4099999999999999755750935
0.4099999999999999755750935
0.4099999999999999755750935
0.4099999999999999755750935
0.4099999999999999755750935
0.4099999999999999755750935
0.4099999999999999755750935
0.4107451165721486274762242
0.4159961142617096818696609
0.4212471774405293079013290
0.4264984508743370206218515
0.4299999999999999933386619
0.4299999999999999933386619
0.4299999999999999933386619
0.4299999999999999933386619
0.4327542929160321794057609
0.4380055663498398921262833
0.4400000000000000022204460
0.4400000000000000022204460
0.4400000000000000022204460
0.4400000000000000022204460
0.4400000000000000022204460
0.4400000000000000022204460
0.4400000000000000022204460
0.4400000000000000022204460
0.4400000000000000022204460
0.4405177483721907649716343
0.4457687460617516528316173
0.4500000000000000111022302
0.4500000000000000111022302
0.4500000000000000111022302
0.4500000000000000111022302
0.4500000000000000111022302
0.4500000000000000111022302
0.4519302729782230798605269
0.4570422247213986044478418
0.4600000000000000199840144
0.4600000000000000199840144
0.4623782015234395581515514
0.4674904146004805194358767
0.4699999999999999733546474
0.4699999999999999733546474
0.4699999999999999733546474
0.4699999999999999733546474
0.4761009150861407190902241
0.4863253412402229747257820
0.4801758511399651929707488
0.4648399959104387857422580
0.4949861977302929538780063
0.5461057151620486438403645
0.5525545728745975271323232
0.5423301467205153825190678
0.5439469379409058724661463
0.5490588896840814525646124
0.5374874757182291906687510
0.5221516204887024503733528
0.5331842347408241034045773
0.5485200899703505106330681
0.5407622309697870388589536
0.5305378048157050052680006
0.5881167569778142922842790
0.6494601778959222526665940
0.7665402310602202895495338
0.8742743213537139679303323
0.7106835028884008753635726
0.5739835279399492229401858
0.7512145537948315965337542
0.8665346121768086051773139
0.6580275229357785971018302
0.5706713928273549063518999
0.8625813177648080642967443
0.9132011050875640245649834
0.4596981859883236265496009
0.1583095287739786360958760
0.0801193703085893993431910
0.0400000000000000008326673
0.0400000000000000008326673
0.0400000000000000008326673
0.0400000000000000008326673
0.0433887614678899469211615
0.0486014386989156998986061
0.0538141159299415916539289
0.0590267931609675458592967
0.0642394703919933474089987
0.0694521476230191003864434
0.0700000000000000066613381
0.0700000000000000066613381
0.0750901793160967390150518
0.0800000000000000016653345
0.0800000000000000016653345
0.0807282110091743637658723
0.0859408882402001028655292
0.0923071309424518121611314
0.1027324854045037205718671
0.1131578398665554902047248
0.1235831943286069961596141
0.1380170975813173050994465
0.1588678065054211219209179
0.2064444328607170087153122
0.2846345913261032478658308
0.3171450166805672710168551
0.3119323394495412959948055
0.3099999999999999977795540
0.3099999999999999977795540
0.3138497779703237067217003
0.3192651359254846665791661
0.3200000000000000066613381
0.3200000000000000066613381
0.3200000000000000066613381
0.3209266179258056239653740
0.3263422691578662382383413
0.3300000000000000155431223
0.3300000000000000155431223
0.3325885411025670257423315
0.3380038990577277635551923
0.3400000000000000244249065
0.3400000000000000244249065
0.3442499729232103566900491
0.3496653308783710389917587
0.3499999999999999777955395
0.3524829416224408151769865
0.3795597313982455589531639
0.3867269576518999607550597
0.3325733781002926381376028
0.2978419798548684327421654
0.2924266218997074728846997
0.2899999999999999800159856
0.2899999999999999800159856
0.2899999999999999800159856
0.2899999999999999800159856
0.2865530029875348327905726
0.2814020809724941951657229
0.2800000000000000266453526
0.2800000000000000266453526
0.2800000000000000266453526
0.2800000000000000266453526
0.2800000000000000266453526
0.2800000000000000266453526
0.2753451117750076448942309
0.2701941897599668962470787
0.2700000000000000177635684
0.2700000000000000177635684
0.2700000000000000177635684
0.2700000000000000177635684
0.2700000000000000177635684
0.2700000000000000177635684
0.2700000000000000177635684
0.2700000000000000177635684
0.2700000000000000177635684
0.2683519393530298113859089
0.2631595617633314398986499
0.2600000000000000088817842
0.2600000000000000088817842
0.2600000000000000088817842
0.2600000000000000088817842
0.2600000000000000088817842
0.2600000000000000088817842
0.2600000000000000088817842
0.2600000000000000088817842
0.2635718365439534416339029
0.2687642141336517020988595
0.2620868165532999061184682
0.2517020613739031076327990
0.2282932654862664390016391
0.2023313775377753309658857
0.2000000000000000111022302
0.2000000000000000111022302
0.2000000000000000111022302
0.1996967651487617789740625
0.1945043875590633797312279
0.1893120099693649527328176
0.1841196323796665534899830
0.1778545095799363429112105
0.1674697544005399052480243
0.1570849992211433565625356
0.1467002440417465025657151
0.1363154888623498151023483
0.1259307336829533774391621
0.1177729892517783844008150
0.1125806116620799712801926
0.1048678706254461967528613
0.0946648301193755981053357
0.0872308948066523870412681
0.0821293745536169073062638
0.0770278543005815385935620
0.0719263340475462392697992
0.0700000000000000066613381
0.0700000000000000066613381
0.0700000000000000066613381
0.0700000000000000066613381
0.0664187327823692469364047
0.0613172125293337463847188
0.0599999999999999977795540
0.0599999999999999977795540
0.0560124483444720822067353
0.0509106678230701673038006
0.0500000000000000027755576
0.0500000000000000027755576
0.0500000000000000027755576
0.0500000000000000027755576
0.0545969799000101396746487
0.0596985001530454389984115
0.0599999999999999977795540
0.0599999999999999977795540
0.0599999999999999977795540
0.0599999999999999977795540
0.0599999999999999977795540
0.0599999999999999977795540
0.0599999999999999977795540
0.0599999999999999977795540
0.0599999999999999977795540
0.0599999999999999977795540
0.0599999999999999977795540
0.0609794766546945601892737
0.0661103129810159118040502
0.0700000000000000066613381
0.0700000000000000066613381
0.0700000000000000066613381
0.0700000000000000066613381
0.0700000000000000066613381
0.0700000000000000066613381
0.0700000000000000066613381
0.0700000000000000066613381
0.0722868137506413321879961
0.0774176500769624686970616
0.0800000000000000016653345
0.0800000000000000016653345
0.0800000000000000016653345
0.0800000000000000016653345
0.0800000000000000016653345
0.0800000000000000016653345
0.0833329912775781778133677
0.0884638276038993282002210
0.0899999999999999966693309
0.0899999999999999966693309
0.0938561387306963285093175
0.0989867118157098380137882
0.1000000000000000055511151
0.1000000000000000055511151
0.1043791688045150323205235
0.1095100051308361827073767
0.1146406033553947212411117
0.1197711764404084250346116
0.1249020010261672752882589
0.1300328373524884395529000
0.1351636736788096038175411
0.1405889897901593799112163
0.1508501359601867597426406
0.1622226782965626723509445
0.1827460236018472738983576
0.2000000000000000111022302
0.2000000000000000111022302
0.2000000000000000111022302
0.2000000000000000111022302
0.1986598255515648059343903
0.1935289892252436416697492
0.1883981528989224774051081
0.1832673165726013131404670
0.1874536965779078356852949
0.2079759889179626231037190
0.2200000000000000011102230
0.2200000000000000011102230
0.2200000000000000011102230
0.2200000000000000011102230
0.2200000000000000011102230
0.2200000000000000011102230
0.2229091841970240461812125
0.2280400205233454047348829
0.2300000000000000099920072
0.2300000000000000099920072
0.2334325295023089164025976
0.2385633658286300529116630
0.2399999999999999911182158
0.2399999999999999911182158
0.2439553617239609284439439
0.2490861980502822869976143
0.2500000000000000000000000
0.2500000000000000000000000
0.2544784772459083299622762
0.2596090503309218533445346
0.2600000000000000088817842
0.2600000000000000088817842
0.2600000000000000088817842
0.2600000000000000088817842
0.2600000000000000088817842
0.2600000000000000088817842
0.2600000000000000088817842
0.2600000000000000088817842
0.2600000000000000088817842
0.2594416552563516553675527
0.2543704041787108738326140
0.2500000000000000000000000
0.2500000000000000000000000
0.2500000000000000000000000
0.2500000000000000000000000
0.2500000000000000000000000
0.2500000000000000000000000
0.2500000000000000000000000
0.2500000000000000000000000
0.2500000000000000000000000
0.2500000000000000000000000
0.2500000000000000000000000
0.2500000000000000000000000
0.2500000000000000000000000
0.2500000000000000000000000
0.2500000000000000000000000
0.2500000000000000000000000
0.2500000000000000000000000
0.2500000000000000000000000
0.2500000000000000000000000
0.2500000000000000000000000
0.2500000000000000000000000
0.2500000000000000000000000
0.2500000000000000000000000
0.2500000000000000000000000
0.2534262742874813789661914
0.2585801164768333770815900
0.2600000000000000088817842
0.2600000000000000088817842
0.2640411276606711155068297
0.2691949698500231136222283
0.2873952481575010042824658
0.3080106169149097183890262
0.3099999999999999977795540
0.3099999999999999977795540
0.3099999999999999977795540
0.3099999999999999977795540
0.3099999999999999977795540
0.3099999999999999977795540
0.3099999999999999977795540
0.3107323609751068693718423
0.3158862031644590895318458
0.3210400453538113096918494
0.3261938875431634743407017
0.3300000000000000155431223
0.3300000000000000155431223
0.3316553287981860442812376
0.3368089053803340893189500
0.3400000000000000244249065
0.3400000000000000244249065
0.3422923227838299276015732
0.3474552119365997282507408
0.3526181010893695288999083
0.3577809902421393295490759
0.3629438793949092967316972
0.3681067685476793194254697
0.3699999999999999955591079
0.3699999999999999955591079
0.3735956216439487720393231
0.3787587773647252409325858
0.3839217306004439334010669
0.3890846197532137340502345
0.4027425267179511880755172
0.4182311941762612006456834
0.4520130104806652227011909
0.4881532345500540492899688
0.5193943931023796700685580
0.5501858736059475063484570
0.5656753407682770795616989
0.5807764985285762682210020
0.5911022768341163136085470
0.6007140275698281683958157
0.6058769167225979135338321
0.6089601941246322036604965
0.6037973049718623475001777
0.6068279209045375210962447
0.6326423666683876900762584
0.6516914498141265221775598
0.6568546055349030465819737
0.6559112785101485210148553
0.6454488386691777934700553
0.6224514778969403305808328
0.5858310227569981654127673
0.5373308919696581087421805
0.4797844624640325572606514
0.4256709390530985515077589
0.3733560031388954425501936
0.3288328537797539086184884
0.2869809050483914103502059
0.2582067378112572475501452
0.2320506382088294294874231
0.2058932775307342755155560
0.1798414857441796299575287
0.1641470049699186861680289
0.1489683494637717986464054
0.1385053622809307993790640
0.1280423750980899111340250
0.1175793879152497029005886
0.1085582757899143657720487
0.1033270558694290019996487
0.0980957363327232545469059
0.0928642427413027271576595
0.0923672508501177658146730
0.0975987444415382932039194
0.1028302380329585707929851
0.1080617316243786957263850
0.1165864504315981264870317
0.1270494376144391535099487
0.1375120318058172808051154
0.1479744716467879805943397
0.1626560292963644127617329
0.1783505100706259394183206
0.1987266544598485229489171
0.2196526288255289949269411
0.2560125555846192169084929
0.2933852995030090116124200
0.3404687418257900666240801
0.3800000000000000044408921
0.3800000000000000044408921
0.3800000000000000044408921
0.3800000000000000044408921
0.3800000000000000044408921
0.3800000000000000044408921
0.3780082815734991386058539
0.3728322981366460342478319
0.3676561933847508623074418
0.3624799420259849358494364
0.3573038302277433686526820
0.3521278467908903198058113
0.3499999999999999777955395
0.3499999999999999777955395
0.3499999999999999777955395
0.3499999999999999777955395
0.3537520703933747512337504
0.3589280538302274670137137
0.3599999999999999866773237
0.3599999999999999866773237
0.3599999999999999866773237
0.3599999999999999866773237
0.4032717391304351806091688
0.4498555900621128422756101
0.4603198757763978798962512
0.4703359213250519199611688
0.4755119047619046357411321
0.4813979908483662639717693
0.4919171093462367250204181
0.5024363559856934724479061
0.5129560277719331651269385
0.5234756995581733018951809
0.5339953713444137717303306
0.5467722084889281575215136
0.5625508862357325723380086
0.5672233326320221813432454
0.5619634967389020019368218
0.5665926783084367368559242
0.5771123500946773177133764
0.5571039343572483648614480
0.5255449189985291758020480
0.4159490874664737436461337
0.2897196654920285996404061
0.2217420576478026095212925
0.1594266778876517187679696
0.1331274984220504054022172
0.1080970914637357366272497
0.0923184137169313218107547
0.0776930359772781964355914
0.0671733641910376572115027
0.0583268462023985648223778
0.0530670103092783021492274
0.0478645699943654537311666
0.0427424063924599084707268
0.0376202427905545297437406
0.0324980791886493591835716
0.0299999999999999988897770
0.0299999999999999988897770
0.0299999999999999988897770
0.0299999999999999988897770
0.0268872611791220184063178
0.0217650975772168513155957
0.0200000000000000004163336
0.0200000000000000004163336
0.0236013932284996758026452
0.0287235568304052245325320
0.0299999999999999988897770
0.0299999999999999988897770
0.0299999999999999988897770
0.0299999999999999988897770
0.0299999999999999988897770
0.0299999999999999988897770
0.0299999999999999988897770
0.0299999999999999988897770
0.0299999999999999988897770
0.0321015228426395904381963
0.0374448303499863854870711
0.0400000000000000008326673
0.0400000000000000008326673
0.0400000000000000008326673
0.0400000000000000008326673
0.0428436473857031832612741
0.0478954281384185928671648
0.0500000000000000027755576
0.0500000000000000027755576
0.0530512755746398168010813
0.0581030563273552194680782
0.0631548370800706221350751
0.0682066178327860317409659
0.0732583985855014413468567
0.0783101793382168370749596
0.0867242598767305472584610
0.0968283318177226570711014
0.1069320535488761519937739
0.1170356150543069573277677
0.1378479413993444202546357
0.1631068451629214544063018
0.1700000000000000122124533
0.1700000000000000122124533
0.1737772164688055065440153
0.1788289972215209300276939
0.1799999999999999933386619
0.1799999999999999933386619
0.1799999999999999933386619
0.1799999999999999933386619
0.1799999999999999933386619
0.1799999999999999933386619
0.1799999999999999933386619
0.1799999999999999933386619
0.1799999999999999933386619
0.1799999999999999933386619
0.1843995958575396776346622
0.1894513766102551011183408
0.1900000000000000022204460
0.1900000000000000022204460
0.1946069516014954647875612
0.1996589875719915474494570
0.2047107855519071373251450
0.2097625663046225330532479
0.2485147764587034291405843
0.2889290224804266782321349
0.2949179085627683383208364
0.2999696893154834009820320
0.2949782762453268536440021
0.2902212679969699005155803
0.3053766102551149774768646
0.3201773175044200780980930
0.3252290982571354738261959
0.3300000000000000155431223
0.3300000000000000155431223
0.3265354887597898825291054
0.2810694619853512099538762
0.2360919424097000507423161
0.1956776963879768294063410
0.1576316055370312052552606
0.1374234616550470133855555
0.1179115938368276161885007
0.1027562515786814012486161
0.0892003031068450691343230
0.0841485223541296456506444
0.0790966959684750725578795
0.0740446599979790176515593
0.0689926749179084336516254
0.0639408941651930240457347
0.0599999999999999977795540
0.0599999999999999977795540
0.0612144480929524559265076
0.0662662288456678655323984
0.0714440692976142655012950
0.0769790225272595218797278
0.0825138366172238207907341
0.0880484835067524840290787
0.0935831303962808558338793
0.0991177772858090888608018
0.1093048483506753321137239
0.1207482842594652522327792
0.1428868718175781149515302
0.1612564343831293101061419
0.1667913876127745942401503
0.1746524241753376893715455
0.1857217179543950158482346
0.2001865176001776380765307
0.2167904582687622816461470
0.2378591985831307042964511
0.2599977861412453572498293
0.3362284905249443567321066
0.4000000000000000222044605
0.4000000000000000222044605
0.4089032890437805378702762
0.4361304726639069762050838
0.4606855431527359656662668
0.4824661040021785973763713
0.4935618601611851397059638
0.4990072968852103940662346
0.5000000000000000000000000
0.5000000000000000000000000
0.5000000000000000000000000
0.5000000000000000000000000
0.5000000000000000000000000
0.5016788281420170303448458
0.5071242648660423402162678
0.5100000000000000088817842
0.5100000000000000088817842
0.5134600304944453297295581
0.5189054672184706396009801
0.4279444880858916944177395
0.3127310814349341105966573
0.2441005498821690600230738
0.1812568735271013475873758
0.1492065985860168142451698
0.1185231736056552853675328
0.0975752814872993812223001
0.0791568473422359364377598
0.0739198743126473489795103
0.0673658025661173498477297
0.0568918565069394047140072
0.0517910447761192743731939
0.0570280178057082504095021
0.0622649908352972403235981
0.0675019638648862163599063
0.0727389368944751923962144
0.0779759099240641684325226
0.0832128829536528946686502
0.0884498559832414821268998
0.0973736580256606698569044
0.1078476040848386219295207
0.1224823252160248815423316
0.1381932443047917957734683
0.1581315304240929475732003
0.1786191354230680095049877
0.2420969063716446045830821
0.3086816226183185518650021
0.4304978743021037335125811
0.5504287031346025704792169
0.5657944068838349771510821
0.5815468934077759888268133
0.6020355478153982531352995
0.6199999999999999955591079
0.6199999999999999955591079
0.6173755377996310578225803
0.6020098340503996503514372
0.5575582646109762396946508
0.4090155201557151842806093
0.2795559311616472863981642
0.2027274124154907763983857
0.1403590636684947934309520
0.1096260820570614802349496
0.0844468346650278922638222
0.0690811309157965958149816
0.0578787407292155609006556
0.0526922877444118142875595
0.0475058347596080607355695
0.0423193817748043002446856
0.0371329287900005466926956
0.0319464758051967862018117
0.0299999999999999988897770
0.0299999999999999988897770
0.0299999999999999988897770
0.0299999999999999988897770
0.0299999999999999988897770
0.0299999999999999988897770
0.0299999999999999988897770
0.0299999999999999988897770
0.0347321197033348683103071
0.0399185726881382263453446
0.0400000000000000008326673
0.0402914786577457315064343
0.0454779316425494850584244
0.0506643846273532455493083
0.0558508376121569991012983
0.0610372905969607457143944
0.0662237435817645131441722
0.0728203931331365267309863
0.0831932991027440338349663
0.0971324101447030852085618
0.1178782220839181132943096
0.1494040765520480984474005
0.1960821534152783762738892
0.4551890462112736512878541
0.9375291737980228079507583
0.8278979306052718367681109
0.2522016492920550190248719
0.0400000000000000008326673
0.0400000000000000008326673
0.0400000000000000008326673
0.0400000000000000008326673
0.0400000000000000008326673
0.0400000000000000008326673
0.0400000000000000008326673
0.0400000000000000008326673
0.0400000000000000008326673
0.0400000000000000008326673
0.0400000000000000008326673
0.0396643184971718493203596
0.0343275696445725642114155
0.0299999999999999988897770
0.0299999999999999988897770
0.0299999999999999988897770
0.0299999999999999988897770
0.0299999999999999988897770
0.0299999999999999988897770
0.0299999999999999988897770
0.0299999999999999988897770
0.0299999999999999988897770
0.0299999999999999988897770
0.0299999999999999988897770
0.0299999999999999988897770
0.0299999999999999988897770
0.0299999999999999988897770
0.0299999999999999988897770
0.0299999999999999988897770
0.0299999999999999988897770
0.0299999999999999988897770
0.0299999999999999988897770
0.0299999999999999988897770
0.0299999999999999988897770
0.0299999999999999988897770
0.0299999999999999988897770
0.0299999999999999988897770
0.0299999999999999988897770
0.0342710929628253085921230
0.0395741634406321721173505
0.0400000000000000008326673
0.0401803043962451270076919
0.0454833748740519905329194
0.0500000000000000027755576
0.0500000000000000027755576
0.0513920560004241938623082
0.0566951264782306479927954
0.0619981969560372547789484
0.0673012674338441252430698
0.0752083996181991953910995
0.0858139781525081302149260
0.0996298456806492954695997
0.1155390571140698929841761
0.1390804475791493355352202
0.1655957999681815784320804
0.2097979637289207888173337
0.2575230671333110232801289
0.3253619345601113099775148
0.3900000000000000133226763
0.3900000000000000133226763
0.3909370525534283657975720
0.3962401230312352362616934
0.4000000000000000222044605
0.4000000000000000222044605
0.4000000000000000222044605
0.4000000000000000222044605
0.3976102269762588070634024
0.3923923819462564188675913
0.3900000000000000133226763
0.3900000000000000133226763
0.3900000000000000133226763
0.3900000000000000133226763
0.3863031567962430523621720
0.3810853117662406641663608
0.3800000000000000044408921
0.3800000000000000044408921
0.3800000000000000044408921
0.3800000000000000044408921
0.3800000000000000044408921
0.3800000000000000044408921
0.3800000000000000044408921
0.3800000000000000044408921
0.3800000000000000044408921
0.3800000000000000044408921
0.3800000000000000044408921
0.3800000000000000044408921
0.3800000000000000044408921
0.3800000000000000044408921
0.3800000000000000044408921
0.3800000000000000044408921
0.3800000000000000044408921
0.3774399169478326321325312
0.3722491565014274250700055
0.3670585487387107992418578
0.3618680577182603608221712
0.3533547884765121382955044
0.3429732675837010580366382
0.3325921312156130960069333
0.3222111491747121636564088
0.3077446145860369686175773
0.2921723332468202372069754
0.2899999999999999800159856
0.2899999999999999800159856
0.2842376750786694827866086
0.2800000000000000266453526
0.2800000000000000266453526
0.2800000000000000266453526
0.2800000000000000266453526
0.2800000000000000266453526
0.2800000000000000266453526
0.2800000000000000266453526
0.2800000000000000266453526
0.2800000000000000266453526
0.2791984984527975388601817
0.2741257038502511456101729
0.2700000000000000177635684
0.2700000000000000177635684
0.2700000000000000177635684
0.2700000000000000177635684
0.2700000000000000177635684
0.2700000000000000177635684
0.2700000000000000177635684
0.2700000000000000177635684
0.2700000000000000177635684
0.2700000000000000177635684
0.2716755440572210522631735
0.2767483386597674455131823
0.2818211332623140052966448
0.2868939278648607871247123
0.2939334449348149358449689
0.3040790341399077223449865
0.3184492466900011864439080
0.3387404251001868704662456
0.5825637903921112581429043
1.1050616344544312852349321
